lrn rate        reg     epochs    neurons    trn acc    val acc 

0.0000043624    0.00016         96         92 0.2791134021 0.2635876289 

0.0000043624    0.00016         96         66 0.2647731959 0.2454226804 

0.0000043624    0.00016         96         19 0.2413195876 0.2263814433 

0.0000043624    0.00016         96         97 0.2783814433 0.2609175258 

0.0000043624    0.00016         96         99 0.2800103093 0.2611237113 

0.0000043624    0.00016         23         92 0.2015833333 0.1753333333 

0.0000043624    0.00016         23         66 0.1929166667 0.1759166667 

0.0000043624    0.00016         23         19 0.1702500000 0.1482083333 

0.0000043624    0.00016         23         97 0.2102500000 0.1890833333 

0.0000043624    0.00016         23         99 0.2058333333 0.1865000000 

0.0000043624    0.00016         27         92 0.2142142857 0.1916071429 

0.0000043624    0.00016         27         66 0.2094642857 0.1963571429 

0.0000043624    0.00016         27         19 0.1791428571 0.1622500000 

0.0000043624    0.00016         27         97 0.2057500000 0.1854642857 

0.0000043624    0.00016         27         99 0.2204642857 0.2006428571 

0.0000043624    0.00016         15         92 0.1904375000 0.1886250000 

0.0000043624    0.00016         15         66 0.1904375000 0.1808750000 

0.0000043624    0.00016         15         19 0.1530625000 0.1408125000 

0.0000043624    0.00016         15         97 0.2027500000 0.1981250000 

0.0000043624    0.00016         15         99 0.2078125000 0.1871875000 

0.0000043624    0.00016         24         92 0.2125600000 0.2086800000 

0.0000043624    0.00016         24         66 0.1943200000 0.1662800000 

0.0000043624    0.00016         24         19 0.1794000000 0.1747600000 

0.0000043624    0.00016         24         97 0.2098400000 0.1897600000 

0.0000043624    0.00016         24         99 0.2071200000 0.1930000000 

0.0000043624    0.00065         96         92 0.3954639175 0.3569381443 

0.0000043624    0.00065         96         66 0.3884432990 0.3557731959 

0.0000043624    0.00065         96         19 0.3598865979 0.3422371134 

0.0000043624    0.00065         96         97 0.3972371134 0.3676804124 

0.0000043624    0.00065         96         99 0.3967319588 0.3646391753 

0.0000043624    0.00065         23         92 0.2674583333 0.2572500000 

0.0000043624    0.00065         23         66 0.2662083333 0.2539166667 

0.0000043624    0.00065         23         19 0.2387500000 0.2157500000 

0.0000043624    0.00065         23         97 0.2820416667 0.2662916667 

0.0000043624    0.00065         23         99 0.2831250000 0.2684583333 

0.0000043624    0.00065         27         92 0.2882857143 0.2854285714 

0.0000043624    0.00065         27         66 0.2805714286 0.2685000000 

0.0000043624    0.00065         27         19 0.2561785714 0.2445357143 

0.0000043624    0.00065         27         97 0.2926785714 0.2778214286 

0.0000043624    0.00065         27         99 0.2889642857 0.2737857143 

0.0000043624    0.00065         15         92 0.2515000000 0.2278125000 

0.0000043624    0.00065         15         66 0.2438125000 0.2268750000 

0.0000043624    0.00065         15         19 0.2153750000 0.1873125000 

0.0000043624    0.00065         15         97 0.2563750000 0.2432500000 

0.0000043624    0.00065         15         99 0.2505625000 0.2296250000 

0.0000043624    0.00065         24         92 0.2740400000 0.2574800000 

0.0000043624    0.00065         24         66 0.2675200000 0.2560400000 

0.0000043624    0.00065         24         19 0.2295200000 0.2049600000 

0.0000043624    0.00065         24         97 0.2819200000 0.2636800000 

0.0000043624    0.00065         24         99 0.2818800000 0.2608400000 

0.0000043624    0.56661         96         92 0.1007628866 0.0975154639 

0.0000043624    0.56661         96         66 0.0998556701 0.0969072165 

0.0000043624    0.56661         96         19 0.0998556701 0.0970309278 

0.0000043624    0.56661         96         97 0.0982886598 0.0968247423 

0.0000043624    0.56661         96         99 0.1003711340 0.0971237113 

0.0000043624    0.56661         23         92 0.1028333333 0.0975833333 

0.0000043624    0.56661         23         66 0.0991250000 0.0997500000 

0.0000043624    0.56661         23         19 0.1003333333 0.0980000000 

0.0000043624    0.56661         23         97 0.0987916667 0.0946250000 

0.0000043624    0.56661         23         99 0.1009166667 0.0970416667 

0.0000043624    0.56661         27         92 0.0985000000 0.0961071429 

0.0000043624    0.56661         27         66 0.1000714286 0.0978571429 

0.0000043624    0.56661         27         19 0.1057857143 0.0987142857 

0.0000043624    0.56661         27         97 0.0990357143 0.0981428571 

0.0000043624    0.56661         27         99 0.0983214286 0.0978928571 

0.0000043624    0.56661         15         92 0.0949375000 0.0976875000 

0.0000043624    0.56661         15         66 0.1053125000 0.0989375000 

0.0000043624    0.56661         15         19 0.1025000000 0.0998750000 

0.0000043624    0.56661         15         97 0.0967500000 0.0965625000 

0.0000043624    0.56661         15         99 0.1030625000 0.0993125000 

0.0000043624    0.56661         24         92 0.0965200000 0.0977600000 

0.0000043624    0.56661         24         66 0.1030000000 0.0999200000 

0.0000043624    0.56661         24         19 0.0999200000 0.0970800000 

0.0000043624    0.56661         24         97 0.1012000000 0.0977600000 

0.0000043624    0.56661         24         99 0.1038000000 0.0986800000 

0.0000043624    0.29073         96         92 0.0991958763 0.0971546392 

0.0000043624    0.29073         96         66 0.1000000000 0.0969587629 

0.0000043624    0.29073         96         19 0.0993711340 0.0966494845 

0.0000043624    0.29073         96         97 0.0997525773 0.0973092784 

0.0000043624    0.29073         96         99 0.0987010309 0.0969381443 

0.0000043624    0.29073         23         92 0.0972083333 0.0968333333 

0.0000043624    0.29073         23         66 0.0992916667 0.0964166667 

0.0000043624    0.29073         23         19 0.0995000000 0.0973333333 

0.0000043624    0.29073         23         97 0.1022083333 0.0992083333 

0.0000043624    0.29073         23         99 0.1041666667 0.1000000000 

0.0000043624    0.29073         27         92 0.1027142857 0.0973571429 

0.0000043624    0.29073         27         66 0.1018571429 0.0973928571 

0.0000043624    0.29073         27         19 0.0974642857 0.0970357143 

0.0000043624    0.29073         27         97 0.1011428571 0.0974642857 

0.0000043624    0.29073         27         99 0.1026785714 0.0978214286 

0.0000043624    0.29073         15         92 0.0979375000 0.1001250000 

0.0000043624    0.29073         15         66 0.0999375000 0.0953750000 

0.0000043624    0.29073         15         19 0.0993750000 0.0970625000 

0.0000043624    0.29073         15         97 0.1000625000 0.0980625000 

0.0000043624    0.29073         15         99 0.1003750000 0.0997500000 

0.0000043624    0.29073         24         92 0.0988800000 0.0970000000 

0.0000043624    0.29073         24         66 0.0970800000 0.0967600000 

0.0000043624    0.29073         24         19 0.1033600000 0.0970000000 

0.0000043624    0.29073         24         97 0.0991200000 0.0978800000 

0.0000043624    0.29073         24         99 0.1043600000 0.0999200000 

0.0000043624    3.66200         96         92 0.0994845361 0.0973092784 

0.0000043624    3.66200         96         66 0.0985154639 0.0969484536 

0.0000043624    3.66200         96         19 0.0992783505 0.0972886598 

0.0000043624    3.66200         96         97 0.1005773196 0.0971030928 

0.0000043624    3.66200         96         99 0.0985360825 0.0966494845 

0.0000043624    3.66200         23         92 0.0981250000 0.0975000000 

0.0000043624    3.66200         23         66 0.0967916667 0.0960000000 

0.0000043624    3.66200         23         19 0.1004583333 0.0972500000 

0.0000043624    3.66200         23         97 0.1026250000 0.0969583333 

0.0000043624    3.66200         23         99 0.1012083333 0.0968333333 

0.0000043624    3.66200         27         92 0.0987857143 0.0965000000 

0.0000043624    3.66200         27         66 0.0982142857 0.0978214286 

0.0000043624    3.66200         27         19 0.1012142857 0.0991071429 

0.0000043624    3.66200         27         97 0.0978571429 0.0970714286 

0.0000043624    3.66200         27         99 0.0979285714 0.0960714286 

0.0000043624    3.66200         15         92 0.0980625000 0.0941250000 

0.0000043624    3.66200         15         66 0.0966875000 0.0955625000 

0.0000043624    3.66200         15         19 0.0993125000 0.0970625000 

0.0000043624    3.66200         15         97 0.0966250000 0.0971875000 

0.0000043624    3.66200         15         99 0.1006875000 0.0987500000 

0.0000043624    3.66200         24         92 0.1023200000 0.0991200000 

0.0000043624    3.66200         24         66 0.1008000000 0.0986800000 

0.0000043624    3.66200         24         19 0.1009600000 0.0970000000 

0.0000043624    3.66200         24         97 0.1026400000 0.0971200000 

0.0000043624    3.66200         24         99 0.1001200000 0.0974000000 

0.0037919156    0.00016         96         92 0.2799278351 0.2598762887 

0.0037919156    0.00016         96         66 0.2661649485 0.2468247423 

0.0037919156    0.00016         96         19 0.2400515464 0.2200000000 

0.0037919156    0.00016         96         97 0.2840206186 0.2685463918 

0.0037919156    0.00016         96         99 0.2831649485 0.2661134021 

0.0037919156    0.00016         23         92 0.2090000000 0.1988750000 

0.0037919156    0.00016         23         66 0.1933750000 0.1747083333 

0.0037919156    0.00016         23         19 0.1727500000 0.1646250000 

0.0037919156    0.00016         23         97 0.2128750000 0.1892083333 

0.0037919156    0.00016         23         99 0.2094166667 0.1941250000 

0.0037919156    0.00016         27         92 0.2153571429 0.2013214286 

0.0037919156    0.00016         27         66 0.2051071429 0.1809285714 

0.0037919156    0.00016         27         19 0.1788928571 0.1792142857 

0.0037919156    0.00016         27         97 0.2058928571 0.1917857143 

0.0037919156    0.00016         27         99 0.2211785714 0.1924642857 

0.0037919156    0.00016         15         92 0.2076250000 0.1817500000 

0.0037919156    0.00016         15         66 0.1713750000 0.1565000000 

0.0037919156    0.00016         15         19 0.1840000000 0.1756250000 

0.0037919156    0.00016         15         97 0.1893125000 0.1738125000 

0.0037919156    0.00016         15         99 0.1941875000 0.1706875000 

0.0037919156    0.00016         24         92 0.2055600000 0.2002400000 

0.0037919156    0.00016         24         66 0.2007600000 0.1852400000 

0.0037919156    0.00016         24         19 0.1787600000 0.1880400000 

0.0037919156    0.00016         24         97 0.2088400000 0.1998800000 

0.0037919156    0.00016         24         99 0.2112800000 0.1906800000 

0.0037919156    0.00065         96         92 0.3959278351 0.3629793814 

0.0037919156    0.00065         96         66 0.3876494845 0.3595567010 

0.0037919156    0.00065         96         19 0.3519587629 0.3342268041 

0.0037919156    0.00065         96         97 0.3907835052 0.3614536082 

0.0037919156    0.00065         96         99 0.3986804124 0.3627525773 

0.0037919156    0.00065         23         92 0.2762916667 0.2670000000 

0.0037919156    0.00065         23         66 0.2642500000 0.2527083333 

0.0037919156    0.00065         23         19 0.2418750000 0.2271250000 

0.0037919156    0.00065         23         97 0.2802916667 0.2655833333 

0.0037919156    0.00065         23         99 0.2767083333 0.2563333333 

0.0037919156    0.00065         27         92 0.2921071429 0.2791428571 

0.0037919156    0.00065         27         66 0.2840000000 0.2657500000 

0.0037919156    0.00065         27         19 0.2465357143 0.2417142857 

0.0037919156    0.00065         27         97 0.2891071429 0.2738571429 

0.0037919156    0.00065         27         99 0.2812142857 0.2705357143 

0.0037919156    0.00065         15         92 0.2505000000 0.2279375000 

0.0037919156    0.00065         15         66 0.2381875000 0.2165625000 

0.0037919156    0.00065         15         19 0.2060000000 0.1833125000 

0.0037919156    0.00065         15         97 0.2498750000 0.2254375000 

0.0037919156    0.00065         15         99 0.2478125000 0.2261250000 

0.0037919156    0.00065         24         92 0.2878400000 0.2684000000 

0.0037919156    0.00065         24         66 0.2717200000 0.2641200000 

0.0037919156    0.00065         24         19 0.2347200000 0.2122800000 

0.0037919156    0.00065         24         97 0.2754400000 0.2578800000 

0.0037919156    0.00065         24         99 0.2874400000 0.2627200000 

0.0037919156    0.56661         96         92 0.1000206186 0.0968659794 

0.0037919156    0.56661         96         66 0.1030206186 0.0970206186 

0.0037919156    0.56661         96         19 0.0978659794 0.0968556701 

0.0037919156    0.56661         96         97 0.1013195876 0.0967938144 

0.0037919156    0.56661         96         99 0.0996597938 0.0971134021 

0.0037919156    0.56661         23         92 0.1001666667 0.0986666667 

0.0037919156    0.56661         23         66 0.0973750000 0.0955416667 

0.0037919156    0.56661         23         19 0.0977083333 0.0978750000 

0.0037919156    0.56661         23         97 0.0998750000 0.0961666667 

0.0037919156    0.56661         23         99 0.1002500000 0.0972083333 

0.0037919156    0.56661         27         92 0.0966785714 0.0971785714 

0.0037919156    0.56661         27         66 0.0960714286 0.0955357143 

0.0037919156    0.56661         27         19 0.0991785714 0.0970714286 

0.0037919156    0.56661         27         97 0.0948928571 0.0967857143 

0.0037919156    0.56661         27         99 0.0989285714 0.0962142857 

0.0037919156    0.56661         15         92 0.1047500000 0.0992500000 

0.0037919156    0.56661         15         66 0.1051250000 0.1008125000 

0.0037919156    0.56661         15         19 0.0973750000 0.0973750000 

0.0037919156    0.56661         15         97 0.0980000000 0.0965625000 

0.0037919156    0.56661         15         99 0.1011875000 0.0960000000 

0.0037919156    0.56661         24         92 0.1008000000 0.0980800000 

0.0037919156    0.56661         24         66 0.0995600000 0.0974400000 

0.0037919156    0.56661         24         19 0.1038000000 0.0991200000 

0.0037919156    0.56661         24         97 0.1006000000 0.0969600000 

0.0037919156    0.56661         24         99 0.1013600000 0.0966800000 

0.0037919156    0.29073         96         92 0.1006597938 0.0974123711 

0.0037919156    0.29073         96         66 0.0979175258 0.0969793814 

0.0037919156    0.29073         96         19 0.1009690722 0.0969587629 

0.0037919156    0.29073         96         97 0.1014020619 0.0970412371 

0.0037919156    0.29073         96         99 0.0990206186 0.0969793814 

0.0037919156    0.29073         23         92 0.1024166667 0.0980833333 

0.0037919156    0.29073         23         66 0.1019583333 0.0985416667 

0.0037919156    0.29073         23         19 0.0987916667 0.0972500000 

0.0037919156    0.29073         23         97 0.1039583333 0.0982916667 

0.0037919156    0.29073         23         99 0.0990000000 0.0971666667 

0.0037919156    0.29073         27         92 0.1025357143 0.0970714286 

0.0037919156    0.29073         27         66 0.0995000000 0.0969285714 

0.0037919156    0.29073         27         19 0.1023928571 0.0987142857 

0.0037919156    0.29073         27         97 0.1011785714 0.0977857143 

0.0037919156    0.29073         27         99 0.1019285714 0.0978214286 

0.0037919156    0.29073         15         92 0.0984375000 0.0963125000 

0.0037919156    0.29073         15         66 0.1001875000 0.0975000000 

0.0037919156    0.29073         15         19 0.1036250000 0.0990000000 

0.0037919156    0.29073         15         97 0.1020000000 0.0989375000 

0.0037919156    0.29073         15         99 0.1062500000 0.0998750000 

0.0037919156    0.29073         24         92 0.0999600000 0.0977200000 

0.0037919156    0.29073         24         66 0.1010000000 0.0968800000 

0.0037919156    0.29073         24         19 0.0972800000 0.0980800000 

0.0037919156    0.29073         24         97 0.0984800000 0.0979200000 

0.0037919156    0.29073         24         99 0.1028800000 0.0982000000 

0.0037919156    3.66200         96         92 0.0993298969 0.0967319588 

0.0037919156    3.66200         96         66 0.0998144330 0.0971340206 

0.0037919156    3.66200         96         19 0.1001752577 0.0972164948 

0.0037919156    3.66200         96         97 0.0994742268 0.0968041237 

0.0037919156    3.66200         96         99 0.0980515464 0.0970412371 

0.0037919156    3.66200         23         92 0.0942916667 0.0967083333 

0.0037919156    3.66200         23         66 0.0983333333 0.0951250000 

0.0037919156    3.66200         23         19 0.1040000000 0.0962916667 

0.0037919156    3.66200         23         97 0.0970416667 0.0961666667 

0.0037919156    3.66200         23         99 0.1057500000 0.0985833333 

0.0037919156    3.66200         27         92 0.1010000000 0.0968928571 

0.0037919156    3.66200         27         66 0.1040000000 0.0977142857 

0.0037919156    3.66200         27         19 0.1020714286 0.0967142857 

0.0037919156    3.66200         27         97 0.1011428571 0.0974285714 

0.0037919156    3.66200         27         99 0.0983571429 0.0981428571 