t: 	 0 
input image:  	 (1, 416, 416, 3) 

[[[ 86.0037    72.81139   63.849854]
  [124.08802   96.08801   90.08801 ]
  [125.09615   97.09615   91.09615 ]]

 [[110.522934  97.33063   88.36909 ]
  [161.28847  133.28847  127.28846 ]
  [162.48077  134.48077  128.48077 ]]

 [[111.46154   98.26923   89.30769 ]
  [164.       136.       130.      ]
  [165.1923   137.1923   131.1923  ]]] 

detections number: 	 (10647, 85) 
	 center x, center y, width, height, confidence 
[[1.74369297e+01 1.00371361e+01 1.11687813e+02 7.82977524e+01
  6.09630701e-09]
 [2.30857143e+01 1.36968994e+01 9.71471558e+01 3.38059296e+02
  4.33991687e-08]
 [2.19128418e+01 1.04914675e+01 4.12408325e+02 3.52594482e+02
  7.61488472e-09]
 [5.61401634e+01 1.84627304e+01 1.30138397e+02 6.20494652e+01
  1.14789195e-07]
 [5.37361069e+01 1.50235605e+01 1.54987457e+02 2.61043274e+02
  1.25971880e-07]] 

top 5 confident: 
[[415.33466    415.35333    412.40833    427.67023      0.75687015]
 [415.3338     415.35828    434.6481     453.72592      0.9394073 ]
 [415.31873    415.36093    456.08597    457.85205      0.9995808 ]
 [415.32047    415.3593     421.32904    430.0196       0.76466733]
 [415.34155    415.3609     427.66968    443.78073      0.9906303 ]] 

bbox: (10647, 4)
[[-0.09232446 -0.06998014  0.17615587  0.1182356 ]
 [-0.0612689  -0.37339604  0.17225792  0.4392465 ]] 

