t: 	 0 
input image:  	 (1, 416, 416, 3) 

[[[254. 240. 206.]
  [254. 240. 206.]
  [254. 240. 206.]]

 [[254. 240. 206.]
  [254. 240. 206.]
  [254. 240. 206.]]

 [[254. 240. 206.]
  [254. 240. 206.]
  [254. 240. 206.]]] 

detections number: 	 (10647, 85) 
	 center x, center y, width, height, confidence 
[[1.2389321e+01 1.7220905e+01 1.4136897e+02 5.9850510e+01 5.3492855e-09]
 [1.8474388e+01 1.2851221e+01 1.1055399e+02 3.4653720e+02 3.5110725e-09]
 [2.1468042e+01 1.5251500e+01 3.4632196e+02 3.3778497e+02 6.4153727e-09]
 [5.8161415e+01 2.1857462e+01 1.2825615e+02 5.0617973e+01 3.4853408e-06]
 [5.4396416e+01 1.3389039e+01 1.3599597e+02 2.4323325e+02 1.2758955e-08]] 

top 5 confident: 
[[4.1534317e+02 4.1513062e+02 3.8703928e+02 3.7224847e+02 9.9980372e-01]
 [4.1530734e+02 4.1508496e+02 4.0801544e+02 3.5505127e+02 6.7351863e-02]
 [4.1541183e+02 4.1524948e+02 4.1185016e+02 3.5746396e+02 5.7855040e-01]
 [4.1531345e+02 4.1520874e+02 3.9232840e+02 3.8521030e+02 2.2614966e-01]
 [4.1531119e+02 4.1510712e+02 3.9612991e+02 3.7949637e+02 2.5567943e-01]] 

bbox: (10647, 4)
[[-0.1401326  -0.0305393   0.19969665  0.11333212]
 [-0.08846781 -0.3856187   0.177287    0.44740343]] 

t: 	 0.03336666666666667 
input image:  	 (1, 416, 416, 3) 

[[[254. 240. 206.]
  [254. 240. 206.]
  [254. 240. 206.]]

 [[254. 240. 206.]
  [254. 240. 206.]
  [254. 240. 206.]]

 [[254. 240. 206.]
  [254. 240. 206.]
  [254. 240. 206.]]] 

detections number: 	 (10647, 85) 
	 center x, center y, width, height, confidence 
[[1.23602571e+01 1.71959610e+01 1.41488861e+02 5.97671661e+01
  5.28534150e-09]
 [1.84433308e+01 1.28511639e+01 1.10555664e+02 3.46589966e+02
  3.45386386e-09]
 [2.13958206e+01 1.52280283e+01 3.46402985e+02 3.37276733e+02
  6.17359408e-09]
 [5.81664352e+01 2.18125420e+01 1.28590271e+02 5.05160980e+01
  3.42797921e-06]
 [5.43735123e+01 1.33631649e+01 1.36168564e+02 2.43145493e+02
  1.23824053e-08]] 

top 5 confident: 
[[4.1530869e+02 4.1525134e+02 4.0222379e+02 3.8888596e+02 9.9976969e-01]
 [4.1542700e+02 4.1519934e+02 3.9078568e+02 3.6985944e+02 6.3163644e-01]
 [4.1535709e+02 4.1537622e+02 3.9305051e+02 3.8035416e+02 2.7355430e-01]
 [4.1532721e+02 4.1524335e+02 4.1201657e+02 3.5831238e+02 1.6175227e-01]
 [4.1533405e+02 4.1512787e+02 3.8645761e+02 3.5612939e+02 1.3153920e-01]] 

bbox: (10647, 4)
[[-0.14034657 -0.03049909  0.1997709   0.11317198]
 [-0.08854448 -0.38568226  0.17721432  0.4474667 ]] 

t: 	 0.06673333333333334 
input image:  	 (1, 416, 416, 3) 

[[[254. 240. 206.]
  [254. 240. 206.]
  [254. 240. 206.]]

 [[254. 240. 206.]
  [254. 240. 206.]
  [254. 240. 206.]]

 [[254. 240. 206.]
  [254. 240. 206.]
  [254. 240. 206.]]] 

detections number: 	 (10647, 85) 
	 center x, center y, width, height, confidence 
[[1.2369522e+01 1.7250700e+01 1.4182062e+02 5.9798279e+01 5.1779558e-09]
 [1.8433315e+01 1.2950611e+01 1.1057177e+02 3.4705222e+02 3.4190595e-09]
 [2.1426350e+01 1.5291105e+01 3.4625342e+02 3.3809045e+02 6.1891452e-09]
 [5.8143471e+01 2.1867807e+01 1.2821259e+02 5.0762531e+01 3.2974642e-06]
 [5.4378929e+01 1.3433116e+01 1.3590858e+02 2.4388948e+02 1.2275082e-08]] 

top 5 confident: 
[[4.1531509e+02 4.1507828e+02 3.8766141e+02 3.4974146e+02 1.6421260e-01]
 [4.1535266e+02 4.1517355e+02 4.1194775e+02 3.4990591e+02 2.2676538e-01]
 [4.1529901e+02 4.1513403e+02 3.8925439e+02 3.5377118e+02 1.8053658e-01]
 [4.1535660e+02 4.1518707e+02 3.9910641e+02 3.8314636e+02 9.9982882e-01]
 [4.1537561e+02 4.1511258e+02 3.9255612e+02 3.7584039e+02 6.3916945e-01]] 

bbox: (10647, 4)
[[-0.14072305 -0.0304049   0.2001919   0.11334097]
 [-0.08858791 -0.3859988   0.17720962  0.44826132]] 

t: 	 0.10010000000000001 
input image:  	 (1, 416, 416, 3) 

[[[254. 240. 206.]
  [254. 240. 206.]
  [254. 240. 206.]]

 [[254. 240. 206.]
  [254. 240. 206.]
  [254. 240. 206.]]

 [[254. 240. 206.]
  [254. 240. 206.]
  [254. 240. 206.]]] 

detections number: 	 (10647, 85) 
	 center x, center y, width, height, confidence 
[[1.22877607e+01 1.71832199e+01 1.42354614e+02 5.95842590e+01
  5.10908738e-09]
 [1.83594856e+01 1.29631653e+01 1.10910576e+02 3.47314789e+02
  3.20715876e-09]
 [2.13700809e+01 1.52359524e+01 3.46087921e+02 3.37781281e+02
  5.89179505e-09]
 [5.81865158e+01 2.16114235e+01 1.30011139e+02 5.01760292e+01
  3.30933449e-06]
 [5.44481506e+01 1.34834833e+01 1.36990295e+02 2.43224655e+02
  1.15159429e-08]] 

top 5 confident: 
[[4.1531369e+02 4.1511520e+02 3.8916763e+02 3.6879523e+02 2.1157348e-01]
 [4.1530380e+02 4.1509729e+02 3.8645728e+02 3.5281067e+02 6.8197650e-01]
 [4.1537204e+02 4.1518723e+02 4.0811130e+02 3.5453317e+02 2.8457028e-01]
 [4.1534659e+02 4.1522699e+02 3.9428931e+02 3.9683145e+02 1.5684335e-01]
 [4.1533835e+02 4.1528635e+02 3.9261438e+02 3.6747537e+02 9.9985844e-01]] 

bbox: (10647, 4)
[[-0.1415614  -0.03030988  0.20063718  0.11292151]
 [-0.0891726  -0.3862842   0.17743936  0.44860712]] 

t: 	 0.13346666666666668 
input image:  	 (1, 416, 416, 3) 

[[[254. 240. 206.]
  [254. 240. 206.]
  [254. 240. 206.]]

 [[254. 240. 206.]
  [254. 240. 206.]
  [254. 240. 206.]]

 [[254. 240. 206.]
  [254. 240. 206.]
  [254. 240. 206.]]] 

detections number: 	 (10647, 85) 
	 center x, center y, width, height, confidence 
[[1.23701105e+01 1.71962872e+01 1.41757980e+02 5.98536720e+01
  5.35753619e-09]
 [1.84248791e+01 1.28753901e+01 1.11192322e+02 3.45869537e+02
  3.45290219e-09]
 [2.14388409e+01 1.52640705e+01 3.46932434e+02 3.38007721e+02
  6.48300214e-09]
 [5.82201004e+01 2.16097145e+01 1.29391983e+02 5.02896233e+01
  3.34961828e-06]
 [5.44725266e+01 1.34536715e+01 1.36945175e+02 2.42589111e+02
  1.25952369e-08]] 

top 5 confident: 
[[4.1541190e+02 4.1519308e+02 3.8816284e+02 3.7182440e+02 1.4945015e-01]
 [4.1531641e+02 4.1526321e+02 3.8933691e+02 3.6283868e+02 8.5386646e-01]
 [4.1530362e+02 4.1519263e+02 3.9327032e+02 3.6303656e+02 9.9986535e-01]
 [4.1531326e+02 4.1523160e+02 4.0863550e+02 3.6208997e+02 1.8704799e-01]
 [4.1530942e+02 4.1510992e+02 3.9073755e+02 3.5847211e+02 1.3967110e-01]] 

bbox: (10647, 4)
[[-0.14064635 -0.03060228  0.20011804  0.11327673]
 [-0.08935404 -0.3847581   0.1779352   0.44665906]] 

t: 	 0.16683333333333333 
input image:  	 (1, 416, 416, 3) 

[[[254. 240. 206.]
  [254. 240. 206.]
  [254. 240. 206.]]

 [[254. 240. 206.]
  [254. 240. 206.]
  [254. 240. 206.]]

 [[254. 240. 206.]
  [254. 240. 206.]
  [254. 240. 206.]]] 

detections number: 	 (10647, 85) 
	 center x, center y, width, height, confidence 
[[1.2311843e+01 1.7159996e+01 1.4132680e+02 5.9937000e+01 5.7538627e-09]
 [1.8474550e+01 1.2815357e+01 1.1111262e+02 3.4644745e+02 3.9515751e-09]
 [2.1392221e+01 1.5185167e+01 3.4544333e+02 3.3831982e+02 7.1702559e-09]
 [5.8177147e+01 2.1506523e+01 1.2987169e+02 5.0241867e+01 3.4854338e-06]
 [5.4423576e+01 1.3415580e+01 1.3644609e+02 2.4337222e+02 1.4720718e-08]] 

top 5 confident: 
[[4.15351013e+02 4.15163147e+02 4.10716156e+02 3.68665558e+02
  8.81312966e-01]
 [4.15335510e+02 4.15121948e+02 3.93910065e+02 3.57518402e+02
  9.99865592e-01]
 [4.15318451e+02 4.15139099e+02 3.93905060e+02 3.55378693e+02
  1.44365400e-01]
 [4.15323273e+02 4.15126953e+02 3.93387024e+02 3.54989624e+02
  1.01224534e-01]
 [4.15317139e+02 4.15097504e+02 3.85521576e+02 3.84574463e+02
  9.49509516e-02]] 

bbox: (10647, 4)
[[-0.14026816 -0.03078967  0.19945972  0.11328965]
 [-0.08913884 -0.38559705  0.1779588   0.44720933]] 

t: 	 0.2002 
input image:  	 (1, 416, 416, 3) 

[[[254. 240. 206.]
  [254. 240. 206.]
  [254. 240. 206.]]

 [[254. 240. 206.]
  [254. 240. 206.]
  [254. 240. 206.]]

 [[254. 240. 206.]
  [254. 240. 206.]
  [254. 240. 206.]]] 

detections number: 	 (10647, 85) 
	 center x, center y, width, height, confidence 
[[1.22662792e+01 1.70886612e+01 1.41398590e+02 5.97469635e+01
  5.65069369e-09]
 [1.84483318e+01 1.28377457e+01 1.11028885e+02 3.46627441e+02
  3.98587341e-09]
 [2.13231087e+01 1.51232309e+01 3.45346405e+02 3.37484344e+02
  6.83748347e-09]
 [5.81964989e+01 2.13996658e+01 1.30320602e+02 5.00091972e+01
  3.51322274e-06]
 [5.43882599e+01 1.33474998e+01 1.36414505e+02 2.43477692e+02
  1.45439172e-08]] 

top 5 confident: 
[[4.1540350e+02 4.1519238e+02 3.9420248e+02 3.4873544e+02 9.9989825e-01]
 [4.1535150e+02 4.1528180e+02 4.1173547e+02 3.5437048e+02 8.9991713e-01]
 [4.1535895e+02 4.1517761e+02 3.9387613e+02 3.8667334e+02 6.4939000e-02]
 [4.1533273e+02 4.1524100e+02 3.9123782e+02 3.4796909e+02 8.4806181e-02]
 [4.1531989e+02 4.1514624e+02 4.0357947e+02 3.4837573e+02 1.2571542e-01]] 

bbox: (10647, 4)
[[-0.14046398 -0.03073274  0.19943649  0.11288977]
 [-0.08910123 -0.38575956  0.17779514  0.44747946]] 

t: 	 0.23356666666666664 
input image:  	 (1, 416, 416, 3) 

[[[254. 240. 206.]
  [254. 240. 206.]
  [254. 240. 206.]]

 [[254. 240. 206.]
  [254. 240. 206.]
  [254. 240. 206.]]

 [[254. 240. 206.]
  [254. 240. 206.]
  [254. 240. 206.]]] 

detections number: 	 (10647, 85) 
	 center x, center y, width, height, confidence 
[[1.2196566e+01 1.6995691e+01 1.4201460e+02 5.9405865e+01 5.1438183e-09]
 [1.8408648e+01 1.2943120e+01 1.1091562e+02 3.4718097e+02 3.6555017e-09]
 [2.1317711e+01 1.5138370e+01 3.4548605e+02 3.3669748e+02 5.8842256e-09]
 [5.8256836e+01 2.1345703e+01 1.2893437e+02 5.0019627e+01 2.7735664e-06]
 [5.4402191e+01 1.3319634e+01 1.3565742e+02 2.4469400e+02 1.1446787e-08]] 

top 5 confident: 
[[4.1538416e+02 4.1526578e+02 4.1520612e+02 3.8237418e+02 5.8282003e-02]
 [4.1539731e+02 4.1518900e+02 3.9731821e+02 3.5302094e+02 1.0008219e-01]
 [4.1535562e+02 4.1518939e+02 3.9785336e+02 3.5760843e+02 1.0760528e-01]
 [4.1535147e+02 4.1518246e+02 3.9000357e+02 3.4718097e+02 9.9991292e-01]
 [4.1532788e+02 4.1517776e+02 3.8810220e+02 3.4650079e+02 8.9393502e-01]] 

bbox: (10647, 4)
[[-0.14137197 -0.03054625  0.20000929  0.1122563 ]
 [-0.08906049 -0.38617155  0.1775636   0.44839808]] 

t: 	 0.2669333333333333 
input image:  	 (1, 416, 416, 3) 

[[[254. 240. 206.]
  [254. 240. 206.]
  [254. 240. 206.]]

 [[254. 240. 206.]
  [254. 240. 206.]
  [254. 240. 206.]]

 [[254. 240. 206.]
  [254. 240. 206.]
  [254. 240. 206.]]] 

detections number: 	 (10647, 85) 
	 center x, center y, width, height, confidence 
[[1.22330446e+01 1.70461884e+01 1.41033722e+02 5.94554176e+01
  5.10097653e-09]
 [1.84686375e+01 1.29807129e+01 1.10496025e+02 3.47081329e+02
  3.80902421e-09]
 [2.14056778e+01 1.51011257e+01 3.45683105e+02 3.36928497e+02
  5.97001826e-09]
 [5.82283859e+01 2.13682156e+01 1.28650406e+02 5.02193108e+01
  2.95482823e-06]
 [5.43819733e+01 1.32629509e+01 1.35106613e+02 2.46218597e+02
  1.27309994e-08]] 

top 5 confident: 
[[4.1533118e+02 4.1530539e+02 4.1571271e+02 3.5067679e+02 9.9989086e-01]
 [4.1532681e+02 4.1519656e+02 3.9775418e+02 3.4718054e+02 1.5189900e-01]
 [4.1529041e+02 4.1520270e+02 3.8863409e+02 3.6677762e+02 9.3509895e-01]
 [4.1530362e+02 4.1515768e+02 3.8744269e+02 3.4689935e+02 6.8461590e-02]
 [4.1532578e+02 4.1518610e+02 3.9641660e+02 3.4708133e+02 9.4926700e-02]] 

bbox: (10647, 4)
[[-0.14010534 -0.03048442  0.19891804  0.11243725]
 [-0.08841196 -0.3859614   0.17720349  0.4483687 ]] 

t: 	 0.30029999999999996 
input image:  	 (1, 416, 416, 3) 

[[[254. 240. 206.]
  [254. 240. 206.]
  [254. 240. 206.]]

 [[254. 240. 206.]
  [254. 240. 206.]
  [254. 240. 206.]]

 [[254. 240. 206.]
  [254. 240. 206.]
  [254. 240. 206.]]] 

detections number: 	 (10647, 85) 
	 center x, center y, width, height, confidence 
[[1.2301411e+01 1.7069908e+01 1.4134248e+02 5.9622395e+01 5.1782916e-09]
 [1.8518646e+01 1.2888449e+01 1.1088040e+02 3.4603445e+02 3.7744186e-09]
 [2.1390665e+01 1.5122999e+01 3.4603622e+02 3.3703531e+02 6.1532566e-09]
 [5.8209740e+01 2.1400455e+01 1.2836526e+02 5.0320469e+01 2.9807536e-06]
 [5.4339020e+01 1.3228955e+01 1.3515129e+02 2.4552956e+02 1.2627782e-08]] 

top 5 confident: 
[[4.1533517e+02 4.1509799e+02 4.0254788e+02 3.5265903e+02 1.4128780e-01]
 [4.1536893e+02 4.1521277e+02 4.0436084e+02 3.4912363e+02 3.0615542e-02]
 [4.1533804e+02 4.1502295e+02 3.8827216e+02 3.4603445e+02 9.0343601e-01]
 [4.1532385e+02 4.1514328e+02 3.8518948e+02 3.4572693e+02 9.9985164e-01]
 [4.1529865e+02 4.1505573e+02 4.1650751e+02 3.4563165e+02 2.5904231e-02]] 

bbox: (10647, 4)
[[-0.14031209 -0.0306281   0.1994535   0.11269496]
 [-0.08875374 -0.38492495  0.1777857   0.44688863]] 

t: 	 0.3336666666666666 
input image:  	 (1, 416, 416, 3) 

[[[254. 240. 206.]
  [254. 240. 206.]
  [254. 240. 206.]]

 [[254. 240. 206.]
  [254. 240. 206.]
  [254. 240. 206.]]

 [[254. 240. 206.]
  [254. 240. 206.]
  [254. 240. 206.]]] 

detections number: 	 (10647, 85) 
	 center x, center y, width, height, confidence 
[[1.22762232e+01 1.70859890e+01 1.41242035e+02 5.95639648e+01
  5.21754195e-09]
 [1.85237770e+01 1.29222116e+01 1.10847466e+02 3.45781006e+02
  3.74219677e-09]
 [2.14386768e+01 1.50844879e+01 3.45744263e+02 3.37228394e+02
  6.01769123e-09]
 [5.81977654e+01 2.13890915e+01 1.28432648e+02 5.02545967e+01
  3.02227591e-06]
 [5.42900009e+01 1.32297325e+01 1.34888107e+02 2.44054916e+02
  1.19413865e-08]] 

top 5 confident: 
[[4.1535355e+02 4.1523999e+02 4.1530899e+02 3.5066119e+02 9.5075226e-01]
 [4.1533542e+02 4.1510001e+02 3.8950415e+02 3.4692563e+02 1.4337226e-02]
 [4.1534534e+02 4.1513394e+02 3.9400327e+02 3.5064352e+02 1.6599825e-02]
 [4.1535800e+02 4.1527969e+02 3.9897333e+02 3.6362189e+02 9.9991405e-01]
 [4.1541022e+02 4.1523834e+02 3.8963327e+02 3.5832483e+02 1.6430534e-01]] 

bbox: (10647, 4)
[[-0.1402519  -0.03051922  0.19927222  0.1126634 ]
 [-0.08870181 -0.38453916  0.17775844  0.44666517]] 

t: 	 0.36703333333333327 
input image:  	 (1, 416, 416, 3) 

[[[254. 240. 206.]
  [254. 240. 206.]
  [254. 240. 206.]]

 [[254. 240. 206.]
  [254. 240. 206.]
  [254. 240. 206.]]

 [[254. 240. 206.]
  [254. 240. 206.]
  [254. 240. 206.]]] 

detections number: 	 (10647, 85) 
	 center x, center y, width, height, confidence 
[[1.2410259e+01 1.7004787e+01 1.4068034e+02 5.9561455e+01 5.2975939e-09]
 [1.8599569e+01 1.2827596e+01 1.1064814e+02 3.4477875e+02 3.7378380e-09]
 [2.1428074e+01 1.5084588e+01 3.4658899e+02 3.3679449e+02 6.0253287e-09]
 [5.8130302e+01 2.1326376e+01 1.2853128e+02 5.0161430e+01 3.0361598e-06]
 [5.4205372e+01 1.3180880e+01 1.3531546e+02 2.4335693e+02 1.2105746e-08]] 

top 5 confident: 
[[4.1535382e+02 4.1516324e+02 3.9187051e+02 3.5194449e+02 2.2773871e-02]
 [4.1538092e+02 4.1519397e+02 4.1686087e+02 3.5340390e+02 9.9991870e-01]
 [4.1538773e+02 4.1522229e+02 3.9457849e+02 3.5722363e+02 1.9250707e-01]
 [4.1536078e+02 4.1512927e+02 3.9916061e+02 3.5379843e+02 9.5548892e-01]
 [4.1534039e+02 4.1509949e+02 3.9162189e+02 3.4793594e+02 1.4014455e-02]] 

bbox: (10647, 4)
[[-0.1392546  -0.03071139  0.1989193   0.11246518]
 [-0.08828005 -0.38356197  0.17770106  0.44523308]] 

t: 	 0.4003999999999999 
input image:  	 (1, 416, 416, 3) 

[[[254. 240. 206.]
  [254. 240. 206.]
  [254. 240. 206.]]

 [[254. 240. 206.]
  [254. 240. 206.]
  [254. 240. 206.]]

 [[254. 240. 206.]
  [254. 240. 206.]
  [254. 240. 206.]]] 

detections number: 	 (10647, 85) 
	 center x, center y, width, height, confidence 
[[1.2441876e+01 1.7006865e+01 1.4078665e+02 5.9601460e+01 5.2831037e-09]
 [1.8640369e+01 1.2860819e+01 1.1071090e+02 3.4495847e+02 3.7370755e-09]
 [2.1449358e+01 1.5150577e+01 3.4662390e+02 3.3726611e+02 6.2376517e-09]
 [5.8106087e+01 2.1345688e+01 1.2847421e+02 5.0135925e+01 2.9621131e-06]
 [5.4208549e+01 1.3269872e+01 1.3533755e+02 2.4359564e+02 1.2156766e-08]] 

top 5 confident: 
[[4.1533224e+02 4.1510681e+02 4.1681375e+02 3.6381595e+02 9.6229178e-01]
 [4.1539148e+02 4.1505930e+02 4.0316870e+02 3.6320731e+02 9.9990213e-01]
 [4.1527594e+02 4.1502945e+02 3.9567572e+02 3.5789774e+02 2.1181364e-01]
 [4.1532437e+02 4.1525308e+02 3.9375940e+02 3.6327155e+02 2.6802706e-02]
 [4.1528976e+02 4.1501486e+02 3.9314255e+02 3.5671832e+02 2.4051828e-02]] 

bbox: (10647, 4)
[[-0.13930637 -0.03075448  0.19912308  0.11251826]
 [-0.0882574  -0.3836981   0.17787457  0.44552898]] 

t: 	 0.4337666666666666 
input image:  	 (1, 416, 416, 3) 

[[[254. 240. 206.]
  [254. 240. 206.]
  [254. 240. 206.]]

 [[254. 240. 206.]
  [254. 240. 206.]
  [254. 240. 206.]]

 [[254. 240. 206.]
  [254. 240. 206.]
  [254. 240. 206.]]] 

detections number: 	 (10647, 85) 
	 center x, center y, width, height, confidence 
[[1.2484097e+01 1.7014894e+01 1.4096428e+02 5.9772251e+01 5.4744382e-09]
 [1.8622215e+01 1.2773887e+01 1.1090286e+02 3.4400879e+02 3.8812842e-09]
 [2.1375690e+01 1.5131981e+01 3.4714551e+02 3.3632492e+02 6.5211623e-09]
 [5.8128551e+01 2.1364624e+01 1.2853127e+02 5.0004154e+01 3.0719928e-06]
 [5.4206196e+01 1.3226918e+01 1.3610849e+02 2.4208482e+02 1.2480736e-08]] 

top 5 confident: 
[[4.1534515e+02 4.1502118e+02 3.9684634e+02 3.6075748e+02 1.9110946e-01]
 [4.1531342e+02 4.1520560e+02 4.1576761e+02 3.8096982e+02 9.9993718e-01]
 [4.1534378e+02 4.1501382e+02 4.0379431e+02 3.6157666e+02 9.8790950e-01]
 [4.1533621e+02 4.1529630e+02 3.9562204e+02 3.5831631e+02 3.8664889e-02]
 [4.1538480e+02 4.1512701e+02 3.9548477e+02 3.5769144e+02 4.5299366e-02]] 

bbox: (10647, 4)
[[-0.13941838 -0.03094046  0.19943807  0.11274283]
 [-0.08853177 -0.38276565  0.17806165  0.44417855]] 

t: 	 0.46713333333333323 
input image:  	 (1, 416, 416, 3) 

[[[254. 240. 206.]
  [254. 240. 206.]
  [254. 240. 206.]]

 [[254. 240. 206.]
  [254. 240. 206.]
  [254. 240. 206.]]

 [[254. 240. 206.]
  [254. 240. 206.]
  [254. 240. 206.]]] 

detections number: 	 (10647, 85) 
	 center x, center y, width, height, confidence 
[[1.2437780e+01 1.6968998e+01 1.4106964e+02 5.9771702e+01 5.3481632e-09]
 [1.8538132e+01 1.2794019e+01 1.1076794e+02 3.4423792e+02 3.7717847e-09]
 [2.1359446e+01 1.5093503e+01 3.4758340e+02 3.3598611e+02 6.1310330e-09]
 [5.8125744e+01 2.1304264e+01 1.2915178e+02 4.9857471e+01 3.0202043e-06]
 [5.4264687e+01 1.3214025e+01 1.3657132e+02 2.4297885e+02 1.2661982e-08]] 

top 5 confident: 
[[4.15305450e+02 4.15168335e+02 3.99531158e+02 3.61350586e+02
  1.16414204e-01]
 [4.15335632e+02 4.15318207e+02 3.97769531e+02 3.77943176e+02
  9.99921858e-01]
 [4.15333527e+02 4.15101471e+02 4.17259491e+02 3.67790405e+02
  9.89059091e-01]
 [4.15303314e+02 4.15044861e+02 3.94766663e+02 3.66452972e+02
  1.13125511e-01]
 [4.15276703e+02 4.15004028e+02 3.94257721e+02 3.61008606e+02
  4.21663299e-02]] 

bbox: (10647, 4)
[[-0.13965634 -0.03105013  0.19945337  0.11263185]
 [-0.08857172 -0.38299263  0.17769736  0.44450235]] 

t: 	 0.5005 
input image:  	 (1, 416, 416, 3) 

[[[254. 240. 206.]
  [254. 240. 206.]
  [254. 240. 206.]]

 [[254. 240. 206.]
  [254. 240. 206.]
  [254. 240. 206.]]

 [[254. 240. 206.]
  [254. 240. 206.]
  [254. 240. 206.]]] 

detections number: 	 (10647, 85) 
	 center x, center y, width, height, confidence 
[[1.24080515e+01 1.70059490e+01 1.41003067e+02 5.97085266e+01
  5.22452259e-09]
 [1.85746441e+01 1.28221226e+01 1.10765091e+02 3.44950806e+02
  3.61348595e-09]
 [2.13865147e+01 1.51066847e+01 3.47621887e+02 3.36991333e+02
  6.14966655e-09]
 [5.81562653e+01 2.13521099e+01 1.29781296e+02 4.97572250e+01
  2.98837608e-06]
 [5.43740845e+01 1.33175707e+01 1.36555893e+02 2.43360306e+02
  1.23154189e-08]] 

top 5 confident: 
[[4.1534125e+02 4.1540915e+02 4.0472446e+02 3.8015125e+02 8.7433711e-02]
 [4.1530640e+02 4.1522986e+02 4.1310376e+02 3.6235727e+02 9.9992919e-01]
 [4.1529285e+02 4.1517892e+02 3.9684039e+02 3.6112442e+02 9.9222380e-01]
 [4.1528571e+02 4.1509543e+02 3.9606149e+02 3.6096017e+02 9.2108138e-02]
 [4.1527121e+02 4.1508112e+02 3.9459570e+02 3.6309241e+02 4.9579069e-02]] 

bbox: (10647, 4)
[[-0.1396478  -0.03088537  0.19930188  0.11264475]
 [-0.08848052 -0.3837819   0.17778172  0.44542676]] 

t: 	 0.5338666666666666 
input image:  	 (1, 416, 416, 3) 

[[[254. 240. 206.]
  [254. 240. 206.]
  [254. 240. 206.]]

 [[254. 240. 206.]
  [254. 240. 206.]
  [254. 240. 206.]]

 [[254. 240. 206.]
  [254. 240. 206.]
  [254. 240. 206.]]] 

detections number: 	 (10647, 85) 
	 center x, center y, width, height, confidence 
[[1.2387673e+01 1.6969622e+01 1.4114615e+02 5.9685368e+01 5.1924247e-09]
 [1.8534184e+01 1.2821514e+01 1.1077750e+02 3.4506711e+02 3.5812988e-09]
 [2.1322659e+01 1.5064175e+01 3.4760754e+02 3.3645087e+02 5.9211533e-09]
 [5.8188595e+01 2.1320337e+01 1.3005476e+02 4.9730774e+01 3.0295305e-06]
 [5.4412014e+01 1.3313250e+01 1.3696259e+02 2.4336345e+02 1.2654256e-08]] 

top 5 confident: 
[[4.1528906e+02 4.1516513e+02 3.9885751e+02 3.7086511e+02 9.9992633e-01]
 [4.1523676e+02 4.1514233e+02 3.9732031e+02 3.9685220e+02 9.9267763e-01]
 [4.1524362e+02 4.1519159e+02 4.0683685e+02 3.7259241e+02 1.2332984e-01]
 [4.1523096e+02 4.1510544e+02 3.9527335e+02 3.6697858e+02 6.5668374e-02]
 [4.1527716e+02 4.1534930e+02 4.1202075e+02 3.8206732e+02 7.7401295e-02]] 

bbox: (10647, 4)
[[-0.13986875 -0.03094486  0.19942488  0.11252958]
 [-0.0885927  -0.38392317  0.17769934  0.44556507]] 

t: 	 0.5672333333333333 
input image:  	 (1, 416, 416, 3) 

[[[254. 240. 206.]
  [254. 240. 206.]
  [254. 240. 206.]]

 [[254. 240. 206.]
  [254. 240. 206.]
  [254. 240. 206.]]

 [[254. 240. 206.]
  [254. 240. 206.]
  [254. 240. 206.]]] 

detections number: 	 (10647, 85) 
	 center x, center y, width, height, confidence 
[[1.23543224e+01 1.69817905e+01 1.40773636e+02 5.97313461e+01
  5.18964249e-09]
 [1.85269985e+01 1.28765516e+01 1.10474884e+02 3.45972900e+02
  3.63106212e-09]
 [2.13406620e+01 1.50870171e+01 3.47319702e+02 3.37258301e+02
  5.85073012e-09]
 [5.82309380e+01 2.13691769e+01 1.29889206e+02 4.98085213e+01
  3.01105320e-06]
 [5.44167786e+01 1.33477306e+01 1.36409714e+02 2.44711487e+02
  1.25404380e-08]] 

top 5 confident: 
[[4.1527509e+02 4.1507489e+02 3.9877475e+02 3.7552567e+02 7.1019650e-02]
 [4.1533530e+02 4.1528250e+02 3.9494070e+02 3.8913034e+02 1.1498098e-01]
 [4.1525461e+02 4.1507440e+02 3.9723965e+02 3.6000006e+02 1.0092757e-01]
 [4.1529480e+02 4.1539313e+02 3.9551178e+02 3.7011002e+02 9.9994040e-01]
 [4.1525723e+02 4.1509589e+02 4.1143292e+02 3.6480844e+02 9.9798870e-01]] 

bbox: (10647, 4)
[[-0.13950118 -0.03097087  0.19889697  0.1126141 ]
 [-0.08824626 -0.38487956  0.17731836  0.44678608]] 

t: 	 0.6005999999999999 
input image:  	 (1, 416, 416, 3) 

[[[254. 240. 206.]
  [254. 240. 206.]
  [254. 240. 206.]]

 [[254. 240. 206.]
  [254. 240. 206.]
  [254. 240. 206.]]

 [[254. 240. 206.]
  [254. 240. 206.]
  [254. 240. 206.]]] 

detections number: 	 (10647, 85) 
	 center x, center y, width, height, confidence 
[[1.2348486e+01 1.6959467e+01 1.4129582e+02 5.9642704e+01 5.1659210e-09]
 [1.8543768e+01 1.2907267e+01 1.1078622e+02 3.4609271e+02 3.6845729e-09]
 [2.1307821e+01 1.5093325e+01 3.4710089e+02 3.3746609e+02 5.9967347e-09]
 [5.8229614e+01 2.1335732e+01 1.3003839e+02 4.9561066e+01 3.1345667e-06]
 [5.4368427e+01 1.3389445e+01 1.3640341e+02 2.4487598e+02 1.2339614e-08]] 

top 5 confident: 
[[4.1537210e+02 4.1516754e+02 3.9937027e+02 3.7190356e+02 9.9989074e-01]
 [4.1530219e+02 4.1518289e+02 3.9626062e+02 3.7177295e+02 5.8256753e-02]
 [4.1529700e+02 4.1505692e+02 3.9646021e+02 3.6860474e+02 1.1193689e-01]
 [4.1537909e+02 4.1511755e+02 4.1152301e+02 3.8044669e+02 9.9915749e-01]
 [4.1529056e+02 4.1504147e+02 3.9185297e+02 3.6511392e+02 1.1904954e-01]] 

bbox: (10647, 4)
[[-0.14014284 -0.03091799  0.19951057  0.11245389]
 [-0.08858015 -0.3849497   0.17773287  0.4470039 ]] 

t: 	 0.6339666666666666 
input image:  	 (1, 416, 416, 3) 

[[[254. 240. 206.]
  [254. 240. 206.]
  [254. 240. 206.]]

 [[254. 240. 206.]
  [254. 240. 206.]
  [254. 240. 206.]]

 [[254. 240. 206.]
  [254. 240. 206.]
  [254. 240. 206.]]] 

detections number: 	 (10647, 85) 
	 center x, center y, width, height, confidence 
[[1.24874077e+01 1.66306744e+01 1.34636826e+02 5.99669075e+01
  3.67312136e-09]
 [1.85490322e+01 1.30199261e+01 1.07058632e+02 3.45298248e+02
  2.50669596e-09]
 [2.15782051e+01 1.45891638e+01 3.54858124e+02 3.37126678e+02
  3.74984888e-09]
 [5.82164421e+01 2.11869373e+01 1.34136490e+02 4.97989616e+01
  2.56052294e-06]
 [5.48461304e+01 1.34481678e+01 1.41273209e+02 2.41026169e+02
  1.12726095e-08]] 

top 5 confident: 
[[4.1526746e+02 4.1505447e+02 4.1180240e+02 3.7051514e+02 9.8085985e-02]
 [4.1527679e+02 4.1510678e+02 3.9746838e+02 3.8780923e+02 9.9990326e-01]
 [4.1531812e+02 4.1510629e+02 3.9993912e+02 3.7476797e+02 1.7658040e-01]
 [4.1526971e+02 4.1512659e+02 4.0321542e+02 3.7095535e+02 7.7773027e-02]
 [4.1530194e+02 4.1503665e+02 3.8693756e+02 3.5957224e+02 9.9917716e-01]] 

bbox: (10647, 4)
[[-0.1318053  -0.03209803  0.1918409   0.11205319]
 [-0.08408722 -0.38372403  0.17326525  0.44631985]] 

t: 	 0.6673333333333332 
input image:  	 (1, 416, 416, 3) 

[[[254. 240. 206.]
  [254. 240. 206.]
  [254. 240. 206.]]

 [[254. 240. 206.]
  [254. 240. 206.]
  [254. 240. 206.]]

 [[254. 240. 206.]
  [254. 240. 206.]
  [254. 240. 206.]]] 

detections number: 	 (10647, 85) 
	 center x, center y, width, height, confidence 
[[1.24884796e+01 1.66572132e+01 1.34339020e+02 6.00423050e+01
  3.75429332e-09]
 [1.85128155e+01 1.29090719e+01 1.07052734e+02 3.44698456e+02
  2.44282083e-09]
 [2.15684910e+01 1.45530939e+01 3.54997925e+02 3.36997620e+02
  3.70310227e-09]
 [5.82264977e+01 2.12141705e+01 1.33986313e+02 4.99077148e+01
  2.54190309e-06]
 [5.48784103e+01 1.33462896e+01 1.41350708e+02 2.39964294e+02
  1.08626610e-08]] 

top 5 confident: 
[[4.1532098e+02 4.1504883e+02 3.9698495e+02 3.5708768e+02 9.0098597e-02]
 [4.1533539e+02 4.1504654e+02 3.9947565e+02 3.7566772e+02 3.5271433e-01]
 [4.1537149e+02 4.1510620e+02 3.9939087e+02 3.6405569e+02 9.9993044e-01]
 [4.1532590e+02 4.1511261e+02 3.9803815e+02 3.7583957e+02 1.5345301e-01]
 [4.1535776e+02 4.1506458e+02 4.1123172e+02 3.6264105e+02 9.9924785e-01]] 

bbox: (10647, 4)
[[-0.13144478 -0.03212485  0.19148555  0.11220761]
 [-0.08416719 -0.3832696   0.17317112  0.44533247]] 

t: 	 0.7006999999999999 
input image:  	 (1, 416, 416, 3) 

[[[254. 240. 206.]
  [254. 240. 206.]
  [254. 240. 206.]]

 [[254. 240. 206.]
  [254. 240. 206.]
  [254. 240. 206.]]

 [[254. 240. 206.]
  [254. 240. 206.]
  [254. 240. 206.]]] 

detections number: 	 (10647, 85) 
	 center x, center y, width, height, confidence 
[[1.2501050e+01 1.6715452e+01 1.3451271e+02 6.0137127e+01 3.7621208e-09]
 [1.8487663e+01 1.2903884e+01 1.0697729e+02 3.4467435e+02 2.4262712e-09]
 [2.1617880e+01 1.4683716e+01 3.5536346e+02 3.3749231e+02 3.8483781e-09]
 [5.8180878e+01 2.1200642e+01 1.3321454e+02 4.9884651e+01 2.3011539e-06]
 [5.4879623e+01 1.3435954e+01 1.4090193e+02 2.4109941e+02 1.0544892e-08]] 

top 5 confident: 
[[4.1535709e+02 4.1515268e+02 3.9880112e+02 3.6340012e+02 2.0835070e-01]
 [4.1544705e+02 4.1525787e+02 4.0954572e+02 3.7007959e+02 4.2641500e-01]
 [4.1531531e+02 4.1514670e+02 3.9910089e+02 3.8354440e+02 9.9963158e-01]
 [4.1536792e+02 4.1513193e+02 3.9810803e+02 3.8482074e+02 3.3598480e-01]
 [4.1534650e+02 4.1510443e+02 3.9615588e+02 3.5919775e+02 9.9991292e-01]] 

bbox: (10647, 4)
[[-0.13162333 -0.03209883  0.19172454  0.11246157]
 [-0.08413697 -0.3832531   0.17301996  0.445291  ]] 

t: 	 0.7340666666666665 
input image:  	 (1, 416, 416, 3) 

[[[254. 240. 206.]
  [254. 240. 206.]
  [254. 240. 206.]]

 [[254. 240. 206.]
  [254. 240. 206.]
  [254. 240. 206.]]

 [[254. 240. 206.]
  [254. 240. 206.]
  [254. 240. 206.]]] 

detections number: 	 (10647, 85) 
	 center x, center y, width, height, confidence 
[[1.2581907e+01 1.6791599e+01 1.3426868e+02 6.0332012e+01 3.7852543e-09]
 [1.8536654e+01 1.2902075e+01 1.0713804e+02 3.4425803e+02 2.3967195e-09]
 [2.1730824e+01 1.4765204e+01 3.5546725e+02 3.3841095e+02 4.0369672e-09]
 [5.8124054e+01 2.1345816e+01 1.3264572e+02 5.0138103e+01 2.3211912e-06]
 [5.4847290e+01 1.3469874e+01 1.4060703e+02 2.4047958e+02 1.0168350e-08]] 

top 5 confident: 
[[4.1540469e+02 4.1514874e+02 3.9449838e+02 3.8280087e+02 9.9953812e-01]
 [4.1534854e+02 4.1516254e+02 3.9722678e+02 3.8803726e+02 5.4153603e-01]
 [4.1540488e+02 4.1520715e+02 3.9567767e+02 3.8241495e+02 9.9983811e-01]
 [4.1532800e+02 4.1507254e+02 4.1196576e+02 3.8220810e+02 4.4210669e-01]
 [4.1529709e+02 4.1506003e+02 3.9014767e+02 3.8048334e+02 3.5058093e-01]] 

bbox: (10647, 4)
[[-0.13113564 -0.03215002  0.1916256   0.11287885]
 [-0.08421241 -0.38275707  0.17333095  0.44478625]] 

t: 	 0.7674333333333332 
input image:  	 (1, 416, 416, 3) 

[[[254. 240. 206.]
  [254. 240. 206.]
  [254. 240. 206.]]

 [[254. 240. 206.]
  [254. 240. 206.]
  [254. 240. 206.]]

 [[254. 240. 206.]
  [254. 240. 206.]
  [254. 240. 206.]]] 

detections number: 	 (10647, 85) 
	 center x, center y, width, height, confidence 
[[1.2263744e+01 1.7725859e+01 1.5026361e+02 5.9521381e+01 7.9892555e-09]
 [1.8411329e+01 1.2644713e+01 1.1681117e+02 3.4369766e+02 4.3406021e-09]
 [2.1215902e+01 1.5863507e+01 3.4077051e+02 3.3935266e+02 1.0330034e-08]
 [5.8051399e+01 2.2318768e+01 1.2639282e+02 5.0033401e+01 3.5242660e-06]
 [5.4392372e+01 1.3372780e+01 1.3352121e+02 2.4689105e+02 1.2604393e-08]] 

top 5 confident: 
[[4.1540329e+02 4.1510876e+02 4.1246204e+02 3.8071844e+02 9.9984157e-01]
 [4.1536435e+02 4.1510260e+02 3.8927283e+02 3.8690247e+02 9.9945635e-01]
 [4.1531122e+02 4.1516928e+02 3.9467957e+02 3.8107529e+02 4.3581355e-01]
 [4.1536838e+02 4.1517825e+02 4.0113641e+02 3.7801678e+02 3.1076148e-01]
 [4.1544101e+02 4.1516916e+02 3.9536841e+02 3.7868558e+02 5.2278519e-01]] 

bbox: (10647, 4)
[[-0.15112515 -0.02892989  0.21008547  0.11415036]
 [-0.09614003 -0.3827022   0.18465605  0.4434941 ]] 

t: 	 0.8007999999999998 
input image:  	 (1, 416, 416, 3) 

[[[254. 240. 206.]
  [254. 240. 206.]
  [254. 240. 206.]]

 [[254. 240. 206.]
  [254. 240. 206.]
  [254. 240. 206.]]

 [[254. 240. 206.]
  [254. 240. 206.]
  [254. 240. 206.]]] 

detections number: 	 (10647, 85) 
	 center x, center y, width, height, confidence 
[[1.2265853e+01 1.7728252e+01 1.5031000e+02 5.9477314e+01 7.8812814e-09]
 [1.8413771e+01 1.2611412e+01 1.1680289e+02 3.4327310e+02 4.2153045e-09]
 [2.1262543e+01 1.5862054e+01 3.4069843e+02 3.3918893e+02 1.0105223e-08]
 [5.8026447e+01 2.2350172e+01 1.2592843e+02 5.0231396e+01 3.4102181e-06]
 [5.4381592e+01 1.3372716e+01 1.3337451e+02 2.4682321e+02 1.2197714e-08]] 

top 5 confident: 
[[4.1535147e+02 4.1520743e+02 3.9682889e+02 3.7023190e+02 4.7858310e-01]
 [4.1534412e+02 4.1523367e+02 3.8878870e+02 3.6028680e+02 4.7842008e-01]
 [4.1536389e+02 4.1531396e+02 3.9705853e+02 3.7364532e+02 9.9977428e-01]
 [4.1540854e+02 4.1532495e+02 4.1278738e+02 3.7078397e+02 9.9966812e-01]
 [4.1534186e+02 4.1519986e+02 3.8587735e+02 3.6658795e+02 3.4536532e-01]] 

bbox: (10647, 4)
[[-0.15117583 -0.02887117  0.21014628  0.11410315]
 [-0.09612421 -0.38227198  0.18465196  0.44290373]] 

t: 	 0.8341666666666665 
input image:  	 (1, 416, 416, 3) 

[[[254. 240. 206.]
  [254. 240. 206.]
  [254. 240. 206.]]

 [[254. 240. 206.]
  [254. 240. 206.]
  [254. 240. 206.]]

 [[254. 240. 206.]
  [254. 240. 206.]
  [254. 240. 206.]]] 

detections number: 	 (10647, 85) 
	 center x, center y, width, height, confidence 
[[1.2284975e+01 1.7659203e+01 1.5059724e+02 5.9330414e+01 8.1287315e-09]
 [1.8407339e+01 1.2535211e+01 1.1703944e+02 3.4251276e+02 4.4422146e-09]
 [2.1201111e+01 1.5719817e+01 3.4032608e+02 3.3722244e+02 9.8200941e-09]
 [5.8033493e+01 2.2264490e+01 1.2689040e+02 5.0049938e+01 3.8343128e-06]
 [5.4306541e+01 1.3180040e+01 1.3405350e+02 2.4490178e+02 1.2186087e-08]] 

top 5 confident: 
[[4.1541965e+02 4.1524231e+02 3.9532425e+02 3.7050674e+02 9.9978864e-01]
 [4.1552686e+02 4.1522974e+02 4.1524283e+02 3.6317084e+02 9.9977469e-01]
 [4.1530042e+02 4.1514212e+02 3.9047263e+02 3.6313101e+02 4.8999307e-01]
 [4.1538431e+02 4.1531711e+02 3.9932153e+02 3.6107736e+02 3.9704600e-01]
 [4.1530881e+02 4.1512604e+02 3.8963892e+02 3.5835834e+02 2.5849250e-01]] 

bbox: (10647, 4)
[[-0.15147512 -0.02886059  0.2105375   0.1137606 ]
 [-0.09642399 -0.38154125  0.1849208   0.44180673]] 

t: 	 0.8675333333333332 
input image:  	 (1, 416, 416, 3) 

[[[254. 240. 206.]
  [254. 240. 206.]
  [254. 240. 206.]]

 [[254. 240. 206.]
  [254. 240. 206.]
  [254. 240. 206.]]

 [[254. 240. 206.]
  [254. 240. 206.]
  [254. 240. 206.]]] 

detections number: 	 (10647, 85) 
	 center x, center y, width, height, confidence 
[[1.2311947e+01 1.7630869e+01 1.5078326e+02 5.9229580e+01 8.2206917e-09]
 [1.8392050e+01 1.2521119e+01 1.1702197e+02 3.4250598e+02 4.4120521e-09]
 [2.1094381e+01 1.5716002e+01 3.4035376e+02 3.3692270e+02 9.4826094e-09]
 [5.8020844e+01 2.2230896e+01 1.2729080e+02 4.9859955e+01 3.8197827e-06]
 [5.4221581e+01 1.3180587e+01 1.3408211e+02 2.4460197e+02 1.1552573e-08]] 

top 5 confident: 
[[4.1529132e+02 4.1522061e+02 4.1576050e+02 3.8875403e+02 9.9975884e-01]
 [4.1528461e+02 4.1525534e+02 3.9916000e+02 3.6795285e+02 9.9971300e-01]
 [4.1527899e+02 4.1521063e+02 3.9425626e+02 3.6297787e+02 8.4794551e-01]
 [4.1534100e+02 4.1527359e+02 3.9363107e+02 3.6558911e+02 1.6497034e-01]
 [4.1527066e+02 4.1519836e+02 3.9233478e+02 3.6147772e+02 6.5627182e-01]] 

bbox: (10647, 4)
[[-0.15163386 -0.0288075   0.21082592  0.11357129]
 [-0.09643975 -0.381567    0.18486308  0.44176468]] 

t: 	 0.9008999999999998 
input image:  	 (1, 416, 416, 3) 

[[[254. 240. 206.]
  [254. 240. 206.]
  [254. 240. 206.]]

 [[254. 240. 206.]
  [254. 240. 206.]
  [254. 240. 206.]]

 [[254. 240. 206.]
  [254. 240. 206.]
  [254. 240. 206.]]] 

detections number: 	 (10647, 85) 
	 center x, center y, width, height, confidence 
[[1.2506024e+01 1.7473028e+01 1.4563176e+02 5.9736439e+01 6.8653314e-09]
 [1.8522520e+01 1.2594555e+01 1.1401808e+02 3.4338824e+02 3.8236552e-09]
 [2.1184450e+01 1.5549710e+01 3.4404523e+02 3.3775177e+02 7.9748377e-09]
 [5.8067192e+01 2.2029041e+01 1.2903033e+02 4.9976521e+01 3.7076386e-06]
 [5.4264858e+01 1.3324195e+01 1.3527718e+02 2.4273961e+02 1.2880405e-08]] 

top 5 confident: 
[[4.1531314e+02 4.1513971e+02 3.9221170e+02 3.7083450e+02 9.9972177e-01]
 [4.1532498e+02 4.1513370e+02 3.9715436e+02 3.7104303e+02 9.9967706e-01]
 [4.1528259e+02 4.1512640e+02 3.9751776e+02 3.7068713e+02 8.2196963e-01]
 [4.1533762e+02 4.1527249e+02 3.9162601e+02 3.6929712e+02 1.3002363e-01]
 [4.1530280e+02 4.1522537e+02 4.1667786e+02 3.7109570e+02 6.1382544e-01]] 

bbox: (10647, 4)
[[-0.14497562 -0.02979613  0.20510074  0.11380108]
 [-0.09251567 -0.38245088  0.18156625  0.44300163]] 

t: 	 0.9342666666666665 
input image:  	 (1, 416, 416, 3) 

[[[254. 240. 206.]
  [254. 240. 206.]
  [254. 240. 206.]]

 [[254. 240. 206.]
  [254. 240. 206.]
  [254. 240. 206.]]

 [[254. 240. 206.]
  [254. 240. 206.]
  [254. 240. 206.]]] 

detections number: 	 (10647, 85) 
	 center x, center y, width, height, confidence 
[[1.25205908e+01 1.73766460e+01 1.45693970e+02 5.94757690e+01
  7.07386327e-09]
 [1.85715656e+01 1.25426674e+01 1.14148056e+02 3.43098450e+02
  3.96456779e-09]
 [2.11178722e+01 1.54877329e+01 3.43480804e+02 3.36675690e+02
  7.83571608e-09]
 [5.80584030e+01 2.19221230e+01 1.29405777e+02 4.97706299e+01
  3.85338217e-06]
 [5.43147812e+01 1.32303305e+01 1.35421158e+02 2.41491089e+02
  1.28562778e-08]] 

top 5 confident: 
[[4.1531473e+02 4.1527911e+02 4.1703860e+02 3.5657217e+02 9.1676450e-01]
 [4.1531793e+02 4.1532764e+02 4.0068585e+02 3.6822623e+02 6.9725923e-02]
 [4.1530606e+02 4.1525275e+02 3.9243622e+02 3.5124979e+02 5.1800883e-01]
 [4.1537973e+02 4.1527713e+02 3.9748233e+02 3.6040750e+02 9.9984318e-01]
 [4.1531122e+02 4.1526434e+02 3.9904947e+02 3.5407684e+02 9.9947441e-01]] 

bbox: (10647, 4)
[[-0.14501537 -0.02971452  0.20521052  0.11325609]
 [-0.092554   -0.3822273   0.18184036  0.44252858]] 

t: 	 0.9676333333333331 
input image:  	 (1, 416, 416, 3) 

[[[254. 240. 206.]
  [254. 240. 206.]
  [254. 240. 206.]]

 [[254. 240. 206.]
  [254. 240. 206.]
  [254. 240. 206.]]

 [[254. 240. 206.]
  [254. 240. 206.]
  [254. 240. 206.]]] 

detections number: 	 (10647, 85) 
	 center x, center y, width, height, confidence 
[[1.2521904e+01 1.7411543e+01 1.4545212e+02 5.9619923e+01 7.0219208e-09]
 [1.8577606e+01 1.2602890e+01 1.1395734e+02 3.4351608e+02 4.0045354e-09]
 [2.1204117e+01 1.5529214e+01 3.4329828e+02 3.3764490e+02 8.1244069e-09]
 [5.8054359e+01 2.1972200e+01 1.2885530e+02 4.9928505e+01 3.8395783e-06]
 [5.4320026e+01 1.3345235e+01 1.3493602e+02 2.4242195e+02 1.3608363e-08]] 

top 5 confident: 
[[4.1538556e+02 4.1534125e+02 4.0373862e+02 3.7317261e+02 9.9988586e-01]
 [4.1531512e+02 4.1533414e+02 4.1819290e+02 3.7555826e+02 9.4196481e-01]
 [4.1535944e+02 4.1542029e+02 4.0398410e+02 3.8043048e+02 9.9953747e-01]
 [4.1530875e+02 4.1537231e+02 3.9729846e+02 3.7186398e+02 6.1632586e-01]
 [4.1528229e+02 4.1526569e+02 3.9398218e+02 3.6891602e+02 3.4925692e-02]] 

bbox: (10647, 4)
[[-0.14472152 -0.02980389  0.20492299  0.11351323]
 [-0.09231024 -0.3825845   0.18162566  0.44317532]] 

