t: 	 0 
input image:  	 (1, 416, 416, 3) 

[[[102.061386  89.061386  80.061386]
  [143.8935   131.61815  122.61816 ]
  [135.       122.61539  113.61539 ]]

 [[192.69656  179.69656  170.69656 ]
  [253.5294   247.97023  238.97023 ]
  [254.3077   247.46153  238.46153 ]]

 [[186.17844  173.17844  164.17844 ]
  [248.0625   235.58026  226.58026 ]
  [250.84616  237.84616  228.84616 ]]] 

detections number: 	 (10647, 85) 
	 center x, center y, width, height, confidence 
[[9.60167789e+00 1.50038967e+01 1.30201492e+02 5.80629692e+01
  3.06549439e-11]
 [1.71213970e+01 1.22930660e+01 1.14086906e+02 3.67513794e+02
  1.83123048e-11]
 [1.70914669e+01 1.38672695e+01 3.65604156e+02 3.84541351e+02
  3.03760639e-09]
 [5.68011856e+01 1.66531334e+01 1.51533813e+02 5.26163368e+01
  3.29872171e-11]
 [5.74979782e+01 8.82603645e+00 1.59115891e+02 2.46325729e+02
  1.70185584e-11]] 

top 5 confident: 
[[4.1549338e+02 4.1539420e+02 4.8212576e+02 3.9138675e+02 4.3698755e-01]
 [4.1553119e+02 4.1541452e+02 4.7093961e+02 4.3738852e+02 3.5001695e-01]
 [4.1548508e+02 4.1541370e+02 4.4223990e+02 3.8454135e+02 3.8041013e-01]
 [4.1547192e+02 4.1540372e+02 4.2493311e+02 4.0282806e+02 1.6968364e-01]
 [4.1546677e+02 4.1537714e+02 4.3724106e+02 3.7359561e+02 2.4289402e-01]] 

bbox: (10647, 4)
[[-0.13341123 -0.03372016  0.17957313  0.10585428]
 [-0.09596649 -0.41217268  0.17828089  0.47127393]] 

t: 	 0.033366700033366704 
input image:  	 (1, 416, 416, 3) 

[[[102.061386  89.061386  80.061386]
  [143.8935   131.61815  122.61816 ]
  [135.       122.61539  113.61539 ]]

 [[192.69656  179.69656  170.69656 ]
  [253.5294   247.97023  238.97023 ]
  [254.3077   247.46153  238.46153 ]]

 [[186.17844  173.17844  164.17844 ]
  [248.0625   235.58026  226.58026 ]
  [250.84616  237.84616  228.84616 ]]] 

detections number: 	 (10647, 85) 
	 center x, center y, width, height, confidence 
[[9.5148592e+00 1.4817835e+01 1.3082516e+02 5.7857197e+01 2.6978487e-11]
 [1.7096281e+01 1.2272515e+01 1.1354311e+02 3.6809622e+02 1.5702471e-11]
 [1.7094406e+01 1.3862355e+01 3.6661514e+02 3.8655807e+02 2.6505391e-09]
 [5.6932312e+01 1.6454924e+01 1.5101387e+02 5.2464088e+01 2.9071221e-11]
 [5.7604424e+01 8.7632275e+00 1.5864172e+02 2.4796109e+02 1.4850987e-11]] 

top 5 confident: 
[[4.1548331e+02 4.1541849e+02 4.2525854e+02 4.0128360e+02 3.4987485e-01]
 [4.1547073e+02 4.1541876e+02 4.3608636e+02 4.4108081e+02 4.3237185e-01]
 [4.1552893e+02 4.1542783e+02 4.8024374e+02 4.0164249e+02 3.6727175e-01]
 [4.1548026e+02 4.1540475e+02 4.7308200e+02 3.8655807e+02 2.3608112e-01]
 [4.1545737e+02 4.1538739e+02 4.4315045e+02 3.7703751e+02 1.7280078e-01]] 

bbox: (10647, 4)
[[-0.13436952 -0.03392011  0.18011405  0.10515969]
 [-0.09537327 -0.41292208  0.17756692  0.4719246 ]] 

t: 	 0.06673340006673341 
input image:  	 (1, 416, 416, 3) 

[[[102.061386  89.061386  80.061386]
  [143.8935   131.61815  122.61816 ]
  [135.       122.61539  113.61539 ]]

 [[192.69656  179.69656  170.69656 ]
  [253.5294   247.97023  238.97023 ]
  [254.3077   247.46153  238.46153 ]]

 [[186.17844  173.17844  164.17844 ]
  [248.0625   235.58026  226.58026 ]
  [250.84616  237.84616  228.84616 ]]] 

detections number: 	 (10647, 85) 
	 center x, center y, width, height, confidence 
[[1.0159958e+01 1.4644671e+01 1.3082185e+02 5.7501518e+01 4.9565126e-11]
 [1.7497845e+01 1.2037902e+01 1.1360171e+02 3.5756866e+02 3.1555907e-11]
 [1.7083002e+01 1.3627227e+01 3.6991638e+02 3.7065079e+02 2.6474876e-09]
 [5.7182304e+01 1.7745659e+01 1.5738490e+02 5.3266880e+01 1.2205729e-10]
 [5.7818108e+01 9.2826538e+00 1.6154703e+02 2.4006032e+02 4.0414623e-11]] 

top 5 confident: 
[[4.1545773e+02 4.1556879e+02 4.7740585e+02 4.1535300e+02 3.9525747e-01]
 [4.1545697e+02 4.1545251e+02 4.3293817e+02 3.7871979e+02 1.9091912e-01]
 [4.1551001e+02 4.1551395e+02 4.8982275e+02 3.8407074e+02 3.4004509e-01]
 [4.1549655e+02 4.1550046e+02 4.4082175e+02 4.2024149e+02 2.9281151e-01]
 [4.1551117e+02 4.1545667e+02 4.4214447e+02 3.7649844e+02 5.0356299e-01]] 

bbox: (10647, 4)
[[-0.13281482 -0.03390887  0.18166079  0.10431594]
 [-0.09447838 -0.40083277  0.17860264  0.4587073 ]] 

t: 	 0.10010010010010012 
input image:  	 (1, 416, 416, 3) 

[[[102.061386  89.061386  80.061386]
  [143.8935   131.61815  122.61816 ]
  [135.       122.61539  113.61539 ]]

 [[192.69656  179.69656  170.69656 ]
  [253.5294   247.97023  238.97023 ]
  [254.3077   247.46153  238.46153 ]]

 [[186.17844  173.17844  164.17844 ]
  [248.0625   235.58026  226.58026 ]
  [250.84616  237.84616  228.84616 ]]] 

detections number: 	 (10647, 85) 
	 center x, center y, width, height, confidence 
[[1.02859535e+01 1.45878601e+01 1.25437950e+02 5.89378052e+01
  4.59978999e-11]
 [1.83887844e+01 1.19983549e+01 1.11145401e+02 3.61417999e+02
  1.67551563e-11]
 [1.72663631e+01 1.31513519e+01 3.72539154e+02 3.68128754e+02
  1.80706605e-09]
 [5.70971832e+01 1.75006981e+01 1.52927795e+02 5.34267120e+01
  5.81910631e-11]
 [5.78623428e+01 8.99638939e+00 1.64019638e+02 2.50919952e+02
  3.18102593e-11]] 

top 5 confident: 
[[4.1549634e+02 4.1550671e+02 4.8491595e+02 4.2664758e+02 3.0747619e-01]
 [4.1547424e+02 4.1545889e+02 4.5483447e+02 3.9715115e+02 3.0665490e-01]
 [4.1547388e+02 4.1547061e+02 4.6304935e+02 4.2308667e+02 1.6980375e-01]
 [4.1548340e+02 4.1544766e+02 4.4450684e+02 3.8927451e+02 4.7184736e-01]
 [4.1546429e+02 4.1544156e+02 4.3572232e+02 3.8167099e+02 1.3399312e-01]] 

bbox: (10647, 4)
[[-0.12604092 -0.03577174  0.17549261  0.10590568]
 [-0.08938441 -0.40555444  0.17779204  0.46323884]] 

t: 	 0.13346680013346682 
input image:  	 (1, 416, 416, 3) 

[[[102.061386  89.061386  80.061386]
  [143.8935   131.61815  122.61816 ]
  [135.       122.61539  113.61539 ]]

 [[192.69656  179.69656  170.69656 ]
  [253.5294   247.97023  238.97023 ]
  [254.3077   247.46153  238.46153 ]]

 [[186.17844  173.17844  164.17844 ]
  [248.0625   235.58026  226.58026 ]
  [250.84616  237.84616  228.84616 ]]] 

detections number: 	 (10647, 85) 
	 center x, center y, width, height, confidence 
[[9.66720486e+00 1.53587837e+01 1.27417374e+02 5.78850174e+01
  2.76306981e-11]
 [1.74218407e+01 1.26563997e+01 1.15451042e+02 3.62699341e+02
  1.60242427e-11]
 [1.81917458e+01 1.35613203e+01 3.71428284e+02 3.83736420e+02
  1.88314164e-09]
 [5.70340424e+01 1.68505764e+01 1.49746460e+02 5.37613182e+01
  2.01395046e-11]
 [5.76391525e+01 9.52097225e+00 1.58111145e+02 2.47695602e+02
  1.01300435e-11]] 

top 5 confident: 
[[4.1554251e+02 4.1556586e+02 4.6743735e+02 4.4037814e+02 2.8425258e-01]
 [4.1550912e+02 4.1557236e+02 4.3952814e+02 4.0299255e+02 1.5897025e-01]
 [4.1551001e+02 4.1555157e+02 4.8898511e+02 3.9085977e+02 1.3242947e-01]
 [4.1544403e+02 4.1555881e+02 4.3806183e+02 4.3552505e+02 2.3897101e-01]
 [4.1548300e+02 4.1554480e+02 4.6570755e+02 3.8373642e+02 2.2429204e-01]] 

bbox: (10647, 4)
[[-0.1299074  -0.03265319  0.17638436  0.10649349]
 [-0.09688385 -0.40551266  0.1806427   0.46636075]] 

t: 	 0.16683350016683351 
input image:  	 (1, 416, 416, 3) 

[[[102.061386  89.061386  80.061386]
  [143.8935   131.61815  122.61816 ]
  [135.       122.61539  113.61539 ]]

 [[192.69656  179.69656  170.69656 ]
  [253.5294   247.97023  238.97023 ]
  [254.3077   247.46153  238.46153 ]]

 [[186.17844  173.17844  164.17844 ]
  [248.0625   235.58026  226.58026 ]
  [250.84616  237.84616  228.84616 ]]] 

detections number: 	 (10647, 85) 
	 center x, center y, width, height, confidence 
[[9.7181101e+00 1.5020895e+01 1.2510570e+02 6.3830551e+01 1.4735704e-10]
 [1.7589191e+01 1.2116153e+01 1.1197273e+02 3.5970453e+02 5.6409103e-11]
 [1.8525188e+01 1.3944200e+01 3.8093146e+02 3.7469089e+02 3.6800778e-09]
 [5.7403156e+01 1.7815592e+01 1.4725580e+02 5.3898293e+01 4.2705894e-11]
 [5.7240952e+01 9.0138006e+00 1.6439914e+02 2.5603104e+02 2.9038801e-11]] 

top 5 confident: 
[[4.1550229e+02 4.1555325e+02 4.6061176e+02 4.3288235e+02 5.6913030e-01]
 [4.1552841e+02 4.1550275e+02 5.0028009e+02 4.0563928e+02 5.4964501e-01]
 [4.1549133e+02 4.1551889e+02 4.4165198e+02 4.1643201e+02 3.4303355e-01]
 [4.1548730e+02 4.1550293e+02 4.3404666e+02 3.8891071e+02 4.7023275e-01]
 [4.1548648e+02 4.1547250e+02 4.2161084e+02 3.7469089e+02 5.1084912e-01]] 

bbox: (10647, 4)
[[-0.12700659 -0.04061149  0.17372826  0.11282734]
 [-0.0923009  -0.4032118   0.17686433  0.46146253]] 

t: 	 0.2002002002002002 
input image:  	 (1, 416, 416, 3) 

[[[102.061386  89.061386  80.061386]
  [143.8935   131.61815  122.61816 ]
  [135.       122.61539  113.61539 ]]

 [[192.69656  179.69656  170.69656 ]
  [253.5294   247.97023  238.97023 ]
  [254.3077   247.46153  238.46153 ]]

 [[186.17844  173.17844  164.17844 ]
  [248.0625   235.58026  226.58026 ]
  [250.84616  237.84616  228.84616 ]]] 

detections number: 	 (10647, 85) 
	 center x, center y, width, height, confidence 
[[1.1119007e+01 1.4998885e+01 1.2171400e+02 6.7101013e+01 3.0565517e-10]
 [1.7413767e+01 1.1492354e+01 1.0522371e+02 3.5175256e+02 5.0634379e-11]
 [1.9088169e+01 1.3011586e+01 3.9793115e+02 3.6565497e+02 3.0472800e-09]
 [5.8030312e+01 1.6532646e+01 1.5342368e+02 5.0769382e+01 5.3064778e-11]
 [5.7790100e+01 8.3806171e+00 1.7686729e+02 2.4739145e+02 1.1017513e-11]] 

top 5 confident: 
[[4.1553107e+02 4.1540738e+02 4.9614548e+02 3.9902512e+02 5.2593911e-01]
 [4.1550378e+02 4.1538553e+02 4.4914856e+02 3.8154068e+02 5.8904594e-01]
 [4.1550638e+02 4.1543723e+02 5.1398389e+02 4.2116766e+02 4.6361220e-01]
 [4.1550198e+02 4.1538330e+02 4.4593582e+02 3.7771960e+02 5.1017219e-01]
 [4.1548224e+02 4.1537604e+02 4.3937167e+02 3.7267548e+02 3.9055839e-01]] 

bbox: (10647, 4)
[[-0.11956248 -0.04459524  0.17301925  0.11670527]
 [-0.08461079 -0.39515367  0.16833082  0.4504054 ]] 

t: 	 0.2335669002335669 
input image:  	 (1, 416, 416, 3) 

[[[101.40902  88.40902  79.40902]
  [135.5858  123.28606 114.28606]
  [135.      122.61539 113.61539]]

 [[190.61188 177.61188 168.61188]
  [253.87001 247.87259 238.87259]
  [254.3077  247.46153 238.46153]]

 [[182.6764  169.6764  160.6764 ]
  [249.61797 236.61797 227.61797]
  [250.84616 237.84616 228.84616]]] 

detections number: 	 (10647, 85) 
	 center x, center y, width, height, confidence 
[[1.1640736e+01 1.4782834e+01 1.2220750e+02 6.7716202e+01 4.5292911e-10]
 [1.7709190e+01 1.1255117e+01 1.0363873e+02 3.5088419e+02 9.2378452e-11]
 [1.9059786e+01 1.2971766e+01 3.9694061e+02 3.6539496e+02 4.0226400e-09]
 [5.8348995e+01 1.6593834e+01 1.5420203e+02 5.1212982e+01 1.0024737e-10]
 [5.8082092e+01 8.7843885e+00 1.7654233e+02 2.4941142e+02 3.0765179e-11]] 

top 5 confident: 
[[4.1549872e+02 4.1542432e+02 5.0795798e+02 4.1644647e+02 5.6393826e-01]
 [4.1552979e+02 4.1541293e+02 4.8968237e+02 3.9462036e+02 5.7396483e-01]
 [4.1551846e+02 4.1541293e+02 4.4375250e+02 3.7461621e+02 6.8013465e-01]
 [4.1552036e+02 4.1540231e+02 4.4035352e+02 3.7186548e+02 5.3778338e-01]
 [4.1549722e+02 4.1540363e+02 4.2284525e+02 3.7240646e+02 4.4337675e-01]] 

bbox: (10647, 4)
[[-0.11890148 -0.04585401  0.17486654  0.11692532]
 [-0.08199561 -0.39468023  0.16713595  0.44879135]] 

t: 	 0.26693360026693363 
input image:  	 (1, 416, 416, 3) 

[[[101.40902  88.40902  79.40902]
  [135.5858  123.28606 114.28606]
  [135.      122.61539 113.61539]]

 [[190.61188 177.61188 168.61188]
  [253.87001 247.87259 238.87259]
  [254.3077  247.46153 238.46153]]

 [[182.6764  169.6764  160.6764 ]
  [249.61797 236.61797 227.61797]
  [250.84616 237.84616 228.84616]]] 

detections number: 	 (10647, 85) 
	 center x, center y, width, height, confidence 
[[1.0427618e+01 1.4706843e+01 1.2381754e+02 6.6597000e+01 1.9637218e-10]
 [1.7811922e+01 1.1254211e+01 1.0257496e+02 3.6890359e+02 7.0300481e-11]
 [1.8544121e+01 1.3423835e+01 3.9109787e+02 3.6790622e+02 3.0928304e-09]
 [5.8383724e+01 1.6288225e+01 1.3719164e+02 5.2468853e+01 8.8644161e-11]
 [5.8538071e+01 9.0012112e+00 1.6386749e+02 2.6525571e+02 4.5400659e-11]] 

top 5 confident: 
[[4.1552194e+02 4.1553214e+02 4.9915698e+02 4.3988394e+02 4.8975903e-01]
 [4.1550159e+02 4.1547824e+02 4.7705652e+02 3.7818100e+02 5.7331848e-01]
 [4.1548962e+02 4.1545679e+02 4.7321417e+02 4.2679196e+02 7.0435154e-01]
 [4.1548572e+02 4.1543161e+02 4.6357184e+02 3.9503775e+02 4.8923039e-01]
 [4.1549091e+02 4.1541559e+02 4.5163043e+02 3.9656824e+02 4.3771830e-01]] 

bbox: (10647, 4)
[[-0.12375278 -0.04469148  0.17388555  0.11539746]
 [-0.08047009 -0.41634035  0.16610433  0.47044712]] 

t: 	 0.30030030030030036 
input image:  	 (1, 416, 416, 3) 

[[[ 95.40902  87.40902  82.40902]
  [130.04733 122.28606 117.28606]
  [129.46153 121.61539 116.61539]]

 [[185.99649 176.61188 171.15034]
  [253.87001 246.87259 241.41106]
  [254.3077  246.46153 241.     ]]

 [[182.6764  168.6764  161.6764 ]
  [249.61797 235.61797 228.61797]
  [250.84616 236.84616 229.84616]]] 

detections number: 	 (10647, 85) 
	 center x, center y, width, height, confidence 
[[1.17781620e+01 1.37243042e+01 1.14031044e+02 7.19543686e+01
  6.55489163e-10]
 [1.81401119e+01 1.29065762e+01 1.00844246e+02 3.56861542e+02
  7.03743008e-10]
 [1.94788513e+01 1.38234549e+01 4.04016113e+02 3.76787445e+02
  7.32407068e-09]
 [5.91952744e+01 1.80509109e+01 1.46583359e+02 5.30832939e+01
  3.39964057e-10]
 [5.84307137e+01 9.61466885e+00 1.79648483e+02 2.62063660e+02
  2.66943689e-10]] 

top 5 confident: 
[[4.1552969e+02 4.1537338e+02 4.9611945e+02 4.4530905e+02 6.3061655e-01]
 [4.1553464e+02 4.1538159e+02 4.2900311e+02 4.3008121e+02 6.2700647e-01]
 [4.1546979e+02 4.1534909e+02 4.9024304e+02 3.8691486e+02 2.2199458e-01]
 [4.1554456e+02 4.1535162e+02 4.2916995e+02 3.9933762e+02 3.2838458e-01]
 [4.1550885e+02 4.1538632e+02 4.2282236e+02 4.4983017e+02 5.1292610e-01]] 

bbox: (10647, 4)
[[-0.10874365 -0.0534925   0.16536944  0.11947473]
 [-0.07760099 -0.3978947   0.16481306  0.45994553]] 

t: 	 0.3336670003336671 
input image:  	 (1, 416, 416, 3) 

[[[ 95.06952  87.06952  82.06952]
  [130.04733 122.31046 117.31046]
  [129.46153 121.61539 116.61539]]

 [[185.99649 176.61188 171.15034]
  [254.07692 247.3236  241.86206]
  [254.22282 246.37666 240.91513]]

 [[182.91957 168.91957 161.91957]
  [250.16974 236.16974 229.16974]
  [250.61983 236.61983 229.61983]]] 

detections number: 	 (10647, 85) 
	 center x, center y, width, height, confidence 
[[9.99078083e+00 1.43770046e+01 1.21884155e+02 7.01412125e+01
  1.20373111e-09]
 [1.65402508e+01 1.38255014e+01 1.05338692e+02 3.62727905e+02
  2.73750489e-09]
 [1.87302246e+01 1.44589329e+01 3.81960144e+02 3.77382782e+02
  1.85025204e-08]
 [5.97061691e+01 1.81174297e+01 1.37938416e+02 5.34038544e+01
  2.09619344e-09]
 [5.84697266e+01 1.04871140e+01 1.65323074e+02 2.55374161e+02
  5.35686939e-10]] 

top 5 confident: 
[[4.1547278e+02 4.1537778e+02 4.9155035e+02 4.3069513e+02 3.4684858e-01]
 [4.1555869e+02 4.1537906e+02 4.3014410e+02 4.1463281e+02 6.8613166e-01]
 [4.1546432e+02 4.1535822e+02 4.7837518e+02 4.0916000e+02 3.5041356e-01]
 [4.1551019e+02 4.1544284e+02 4.1296521e+02 3.8635934e+02 4.6354806e-01]
 [4.1545538e+02 4.1534985e+02 4.1173987e+02 3.8548102e+02 3.3820170e-01]] 

bbox: (10647, 4)
[[-0.12247908 -0.04974423  0.1705117   0.11886445]
 [-0.08684879 -0.40273666  0.16636921  0.4692054 ]] 

t: 	 0.3670337003670338 
input image:  	 (1, 416, 416, 3) 

[[[ 95.06952  87.06952  82.06952]
  [130.04733 122.31046 117.31046]
  [129.46153 121.61539 116.61539]]

 [[185.99649 176.61188 171.15034]
  [254.07692 247.3236  241.86206]
  [254.22282 246.37666 240.91513]]

 [[182.91957 168.91957 161.91957]
  [250.16974 236.16974 229.16974]
  [250.61983 236.61983 229.61983]]] 

detections number: 	 (10647, 85) 
	 center x, center y, width, height, confidence 
[[1.0258981e+01 1.4550481e+01 1.2202540e+02 7.0970413e+01 1.5268190e-09]
 [1.6693396e+01 1.4136306e+01 1.0574832e+02 3.6030179e+02 3.8402170e-09]
 [1.9248007e+01 1.4824241e+01 3.8449741e+02 3.6559286e+02 1.6518182e-08]
 [5.9135216e+01 1.9632198e+01 1.3822992e+02 5.3695229e+01 1.7493217e-09]
 [5.8154743e+01 1.1066998e+01 1.6978134e+02 2.5586339e+02 7.8895795e-10]] 

top 5 confident: 
[[4.1546759e+02 4.1537817e+02 4.7947342e+02 4.2479285e+02 4.2619190e-01]
 [4.1553043e+02 4.1532574e+02 4.9197583e+02 3.9093155e+02 5.6199104e-01]
 [4.1546750e+02 4.1535352e+02 4.3302753e+02 3.9190280e+02 2.9125592e-01]
 [4.1546597e+02 4.1544543e+02 4.1061407e+02 4.1724051e+02 7.3384660e-01]
 [4.1545984e+02 4.1541010e+02 4.0709427e+02 4.2593069e+02 2.1843524e-01]] 

bbox: (10647, 4)
[[-0.12200414 -0.05032386  0.17132616  0.12027809]
 [-0.08697299 -0.39907354  0.16722971  0.46703655]] 

t: 	 0.40040040040040054 
input image:  	 (1, 416, 416, 3) 

[[[ 95.06952  87.06952  82.06952]
  [130.04733 122.31046 117.31046]
  [129.46153 121.61539 116.61539]]

 [[185.99649 176.61188 171.15034]
  [254.07692 247.3236  241.86206]
  [254.22282 246.37666 240.91513]]

 [[182.91957 168.91957 161.91957]
  [250.16974 236.16974 229.16974]
  [250.61983 236.61983 229.61983]]] 

detections number: 	 (10647, 85) 
	 center x, center y, width, height, confidence 
[[8.1830873e+00 1.5045393e+01 1.3217480e+02 7.0324402e+01 1.8457323e-09]
 [1.4616178e+01 1.3874741e+01 1.0817351e+02 3.4726953e+02 4.3345376e-09]
 [1.8477844e+01 1.5344105e+01 3.8384525e+02 3.6826794e+02 1.4392308e-08]
 [5.9428909e+01 1.9673807e+01 1.3745464e+02 5.2650249e+01 4.3986921e-09]
 [5.8617371e+01 1.0785551e+01 1.6154991e+02 2.5035526e+02 6.7022132e-10]] 

top 5 confident: 
[[4.1550327e+02 4.1540198e+02 4.3087805e+02 4.4233707e+02 6.4889508e-01]
 [4.1548505e+02 4.1539868e+02 4.6860101e+02 4.3764670e+02 8.8323218e-01]
 [4.1547467e+02 4.1537881e+02 4.7595251e+02 4.2420474e+02 6.0123849e-01]
 [4.1545831e+02 4.1536639e+02 4.0442560e+02 3.9305246e+02 5.3107280e-01]
 [4.1543762e+02 4.1536359e+02 3.9961035e+02 3.9122546e+02 4.1432133e-01]] 

bbox: (10647, 4)
[[-0.13919307 -0.04835771  0.17853484  0.12069134]
 [-0.09488119 -0.3840385   0.16515128  0.450744  ]] 

t: 	 0.43376710043376726 
input image:  	 (1, 416, 416, 3) 

[[[ 95.06952  87.06952  82.06952]
  [130.04733 122.31046 117.31046]
  [129.46153 121.61539 116.61539]]

 [[185.99649 176.61188 171.15034]
  [254.07692 247.3236  241.86206]
  [254.22282 246.37666 240.91513]]

 [[182.91957 168.91957 161.91957]
  [250.16974 236.16974 229.16974]
  [250.61983 236.61983 229.61983]]] 

detections number: 	 (10647, 85) 
	 center x, center y, width, height, confidence 
[[8.13099003e+00 1.51314993e+01 1.32331039e+02 7.00969543e+01
  1.82112792e-09]
 [1.46216125e+01 1.38029118e+01 1.08252396e+02 3.47436310e+02
  4.17867341e-09]
 [1.83536034e+01 1.53392811e+01 3.83089966e+02 3.69171051e+02
  1.43009942e-08]
 [5.94504623e+01 1.96544514e+01 1.37183807e+02 5.25640717e+01
  4.52471705e-09]
 [5.86393471e+01 1.07675514e+01 1.60176697e+02 2.51157379e+02
  6.52499166e-10]] 

top 5 confident: 
[[4.1543936e+02 4.1536859e+02 4.6862350e+02 4.3779559e+02 5.9495521e-01]
 [4.1548450e+02 4.1540143e+02 4.3022791e+02 4.2477579e+02 8.7840182e-01]
 [4.1547678e+02 4.1540454e+02 4.7686832e+02 4.4166077e+02 6.5217328e-01]
 [4.1545770e+02 4.1535345e+02 4.0446393e+02 3.9363577e+02 5.3082150e-01]
 [4.1550153e+02 4.1535263e+02 3.9972684e+02 3.9123300e+02 4.0888950e-01]] 

bbox: (10647, 4)
[[-0.13950609 -0.04787735  0.17859738  0.12062494]
 [-0.09496295 -0.38441163  0.16525915  0.4507718 ]] 

t: 	 0.467133800467134 
input image:  	 (1, 416, 416, 3) 

[[[ 95.06952  87.06952  82.06952]
  [130.04733 122.31046 117.31046]
  [129.46153 121.61539 116.61539]]

 [[185.99649 176.61188 171.15034]
  [254.07692 247.3236  241.86206]
  [254.22282 246.37666 240.91513]]

 [[182.91957 168.91957 161.91957]
  [250.16974 236.16974 229.16974]
  [250.61983 236.61983 229.61983]]] 

detections number: 	 (10647, 85) 
	 center x, center y, width, height, confidence 
[[8.9746828e+00 1.4926411e+01 1.2593046e+02 7.3300301e+01 1.6322337e-09]
 [1.4579188e+01 1.4578332e+01 1.0415678e+02 3.5570502e+02 5.4263474e-09]
 [1.9389263e+01 1.5667703e+01 3.8717752e+02 3.5951984e+02 1.5836795e-08]
 [5.9353977e+01 2.0421364e+01 1.3496654e+02 5.3746231e+01 3.6653529e-09]
 [5.8258118e+01 1.0986906e+01 1.6687874e+02 2.4968910e+02 7.5076551e-10]] 

top 5 confident: 
[[4.1548508e+02 4.1537778e+02 4.8068985e+02 4.3955042e+02 7.3191142e-01]
 [4.1545810e+02 4.1538522e+02 4.6389163e+02 4.4511337e+02 4.6300247e-01]
 [4.1545328e+02 4.1536328e+02 4.3169952e+02 4.3178537e+02 4.4626832e-01]
 [4.1542987e+02 4.1533994e+02 4.0893848e+02 4.0012790e+02 4.3996370e-01]
 [4.1542233e+02 4.1531595e+02 4.0275650e+02 3.9646094e+02 3.9267683e-01]] 

bbox: (10647, 4)
[[-0.12978497 -0.05222053  0.17293248  0.12398212]
 [-0.0901423  -0.39248598  0.16023456  0.46257415]] 

t: 	 0.5005005005005007 
input image:  	 (1, 416, 416, 3) 

[[[ 95.06952  87.06952  82.06952]
  [130.04733 122.31046 117.31046]
  [129.46153 121.61539 116.61539]]

 [[185.99649 176.61188 171.15034]
  [254.07692 247.3236  241.86206]
  [254.22282 246.37666 240.91513]]

 [[182.91957 168.91957 161.91957]
  [250.16974 236.16974 229.16974]
  [250.61983 236.61983 229.61983]]] 

detections number: 	 (10647, 85) 
	 center x, center y, width, height, confidence 
[[8.5012302e+00 1.5497742e+01 1.3344119e+02 7.0326920e+01 2.4892770e-09]
 [1.4537602e+01 1.4525878e+01 1.0741322e+02 3.4147534e+02 6.9330608e-09]
 [1.9104156e+01 1.5773491e+01 3.8735217e+02 3.4962170e+02 1.2300840e-08]
 [5.9376503e+01 1.9813580e+01 1.3608864e+02 4.9878483e+01 6.1469105e-09]
 [5.8258003e+01 1.1486372e+01 1.6259424e+02 2.4701242e+02 7.6090878e-10]] 

top 5 confident: 
[[4.1543430e+02 4.1530026e+02 4.0765012e+02 4.0306671e+02 3.0977157e-01]
 [4.1545209e+02 4.1531555e+02 4.7543976e+02 4.4619290e+02 3.5595420e-01]
 [4.1542960e+02 4.1529254e+02 4.0672583e+02 3.9513596e+02 2.6299781e-01]
 [4.1543594e+02 4.1536597e+02 4.2991760e+02 4.0496487e+02 3.2531759e-01]
 [4.1548703e+02 4.1533264e+02 4.7477850e+02 4.3519641e+02 3.3867425e-01]] 

bbox: (10647, 4)
[[-0.13995041 -0.04727336  0.18082169  0.12178174]
 [-0.09415627 -0.3755091   0.1640486   0.44534507]] 

t: 	 0.5338672005338674 
input image:  	 (1, 416, 416, 3) 

[[[ 95.06952  87.06952  82.06952]
  [130.04733 122.31046 117.31046]
  [129.46153 121.61539 116.61539]]

 [[185.99649 176.61188 171.15034]
  [254.07692 247.3236  241.86206]
  [254.22282 246.37666 240.91513]]

 [[182.91957 168.91957 161.91957]
  [250.16974 236.16974 229.16974]
  [250.61983 236.61983 229.61983]]] 

detections number: 	 (10647, 85) 
	 center x, center y, width, height, confidence 
[[7.57800531e+00 1.53499012e+01 1.39935822e+02 6.78860474e+01
  2.35507902e-09]
 [1.33408842e+01 1.41355534e+01 1.08635284e+02 3.37518677e+02
  4.70163330e-09]
 [1.82589912e+01 1.56490765e+01 3.90483002e+02 3.44602264e+02
  1.12738565e-08]
 [5.91380081e+01 1.89425373e+01 1.39998566e+02 4.73768730e+01
  7.02422476e-09]
 [5.81433716e+01 1.10625525e+01 1.63300262e+02 2.41853210e+02
  4.14632662e-10]] 

top 5 confident: 
[[4.1542987e+02 4.1536130e+02 4.3151154e+02 3.8957745e+02 1.7161502e-01]
 [4.1548184e+02 4.1530246e+02 4.8789767e+02 3.9482053e+02 2.9476577e-01]
 [4.1542551e+02 4.1529721e+02 4.1713736e+02 4.2660507e+02 2.1533540e-01]
 [4.1540952e+02 4.1528488e+02 4.0509991e+02 4.1439120e+02 1.2588328e-01]
 [4.1543539e+02 4.1529184e+02 4.6781113e+02 3.8534479e+02 1.6184112e-01]] 

bbox: (10647, 4)
[[-0.14997573 -0.044695    0.18640845  0.1184926 ]
 [-0.09850182 -0.37169176  0.16264068  0.4396512 ]] 

t: 	 0.5672339005672341 
input image:  	 (1, 416, 416, 3) 

[[[ 95.06952  87.06952  82.06952]
  [130.04733 122.31046 117.31046]
  [129.46153 121.61539 116.61539]]

 [[185.99649 176.61188 171.15034]
  [254.07692 247.3236  241.86206]
  [254.22282 246.37666 240.91513]]

 [[182.91957 168.91957 161.91957]
  [250.16974 236.16974 229.16974]
  [250.61983 236.61983 229.61983]]] 

detections number: 	 (10647, 85) 
	 center x, center y, width, height, confidence 
[[7.3829432e+00 1.5575424e+01 1.4090956e+02 6.9085327e+01 3.0379657e-09]
 [1.2863722e+01 1.4142399e+01 1.0843646e+02 3.3737933e+02 7.7945597e-09]
 [1.8359756e+01 1.5976025e+01 3.8343533e+02 3.4919870e+02 1.5611890e-08]
 [5.9405811e+01 1.9981527e+01 1.3390620e+02 4.9489464e+01 2.0533541e-08]
 [5.8045300e+01 1.0997908e+01 1.5614172e+02 2.4833383e+02 9.0927571e-10]] 

top 5 confident: 
[[4.1543359e+02 4.1525787e+02 4.1494656e+02 4.2742606e+02 2.7157944e-01]
 [4.1548022e+02 4.1531805e+02 4.2401636e+02 4.4315027e+02 3.5089889e-01]
 [4.1541803e+02 4.1523175e+02 4.7660812e+02 4.0547678e+02 3.1800228e-01]
 [4.1541699e+02 4.1522961e+02 4.6377728e+02 3.9189835e+02 3.7628415e-01]
 [4.1541266e+02 4.1521780e+02 3.9874432e+02 3.8730588e+02 1.8999533e-01]] 

bbox: (10647, 4)
[[-0.151615   -0.04559433  0.18710992  0.12047617]
 [-0.09940987 -0.37150785  0.1612547   0.43950015]] 

t: 	 0.6006006006006008 
input image:  	 (1, 416, 416, 3) 

[[[ 95.06952  87.06952  82.06952]
  [130.04733 122.31046 117.31046]
  [129.46153 121.61539 116.61539]]

 [[185.99649 176.61188 171.15034]
  [254.07692 247.3236  241.86206]
  [254.22282 246.37666 240.91513]]

 [[182.91957 168.91957 161.91957]
  [250.16974 236.16974 229.16974]
  [250.61983 236.61983 229.61983]]] 

detections number: 	 (10647, 85) 
	 center x, center y, width, height, confidence 
[[7.59734011e+00 1.52855768e+01 1.41355164e+02 6.92092133e+01
  2.79013990e-09]
 [1.30138664e+01 1.40791435e+01 1.08303360e+02 3.37415924e+02
  9.00089514e-09]
 [1.84943619e+01 1.56574936e+01 3.88504822e+02 3.51746765e+02
  1.37346765e-08]
 [5.92437897e+01 1.97727566e+01 1.35522644e+02 4.96861191e+01
  1.39728300e-08]
 [5.78429909e+01 1.03372240e+01 1.57951233e+02 2.46390869e+02
  8.00610689e-10]] 

top 5 confident: 
[[4.1539841e+02 4.1528983e+02 4.5832272e+02 3.8547690e+02 1.8886082e-01]
 [4.1541562e+02 4.1530890e+02 4.3274402e+02 4.1012567e+02 2.0960802e-01]
 [4.1544473e+02 4.1531516e+02 4.2323926e+02 4.3922598e+02 3.3363420e-01]
 [4.1543039e+02 4.1538269e+02 4.9328580e+02 4.2790341e+02 2.6371744e-01]
 [4.1538217e+02 4.1527499e+02 4.1176083e+02 3.8367715e+02 2.0553768e-01]] 

bbox: (10647, 4)
[[-0.1516352  -0.04643998  0.18816088  0.11992832]
 [-0.09888898 -0.3717039   0.16145563  0.4393921 ]] 

t: 	 0.6339673006339676 
input image:  	 (1, 416, 416, 3) 

[[[ 95.06952  87.06952  82.06952]
  [130.04733 122.31046 117.31046]
  [129.46153 121.61539 116.61539]]

 [[185.99649 176.61188 171.15034]
  [254.07692 247.3236  241.86206]
  [254.22282 246.37666 240.91513]]

 [[182.91957 168.91957 161.91957]
  [250.16974 236.16974 229.16974]
  [250.61983 236.61983 229.61983]]] 

detections number: 	 (10647, 85) 
	 center x, center y, width, height, confidence 
[[7.58543062e+00 1.52633533e+01 1.41237900e+02 6.91824570e+01
  2.74084866e-09]
 [1.30008650e+01 1.41067619e+01 1.08299095e+02 3.37910797e+02
  8.88883989e-09]
 [1.84922142e+01 1.56846075e+01 3.88748871e+02 3.51696899e+02
  1.38477594e-08]
 [5.92262764e+01 1.96878796e+01 1.35742371e+02 4.96413651e+01
  1.37031719e-08]
 [5.78375473e+01 1.03432703e+01 1.58433563e+02 2.46097321e+02
  8.02950484e-10]] 

top 5 confident: 
[[4.1542944e+02 4.1530615e+02 4.2308923e+02 4.2927631e+02 3.3517662e-01]
 [4.1541656e+02 4.1529910e+02 4.1185904e+02 4.0906711e+02 2.6006597e-01]
 [4.1538718e+02 4.1528555e+02 4.9276584e+02 3.8513898e+02 1.9973323e-01]
 [4.1544446e+02 4.1537286e+02 4.5838943e+02 4.3983319e+02 2.1256010e-01]
 [4.1539764e+02 4.1527463e+02 4.3345792e+02 3.8431802e+02 1.8454418e-01]] 

bbox: (10647, 4)
[[-0.15152289 -0.04646124  0.1879913   0.11984275]
 [-0.0989151  -0.3722323   0.16141926  0.44005328]] 

t: 	 0.6673340006673343 
input image:  	 (1, 416, 416, 3) 

[[[ 95.06952  87.06952  82.06952]
  [130.04733 122.31046 117.31046]
  [129.46153 121.61539 116.61539]]

 [[185.99649 176.61188 171.15034]
  [254.07692 247.3236  241.86206]
  [254.22282 246.37666 240.91513]]

 [[182.91957 168.91957 161.91957]
  [250.16974 236.16974 229.16974]
  [250.61983 236.61983 229.61983]]] 

detections number: 	 (10647, 85) 
	 center x, center y, width, height, confidence 
[[7.82366085e+00 1.50528049e+01 1.42270615e+02 6.91175842e+01
  3.01558911e-09]
 [1.35209665e+01 1.43058615e+01 1.08443771e+02 3.36264496e+02
  1.04784483e-08]
 [1.89455700e+01 1.58031349e+01 3.90196808e+02 3.49494781e+02
  1.51771449e-08]
 [5.92080650e+01 1.95710716e+01 1.35903229e+02 4.97442017e+01
  1.26961046e-08]
 [5.80445786e+01 1.06606455e+01 1.61292587e+02 2.44885971e+02
  1.15269694e-09]] 

top 5 confident: 
[[4.1542160e+02 4.1526813e+02 4.8432181e+02 4.1090976e+02 2.7083465e-01]
 [4.1541394e+02 4.1527588e+02 4.5346179e+02 4.3502213e+02 4.7296479e-01]
 [4.1539624e+02 4.1530746e+02 4.2558444e+02 4.4310733e+02 2.1375658e-01]
 [4.1542487e+02 4.1526041e+02 4.2005704e+02 3.8635043e+02 2.0397183e-01]
 [4.1538782e+02 4.1522372e+02 4.0204819e+02 3.8561719e+02 1.7655633e-01]] 

bbox: (10647, 4)
[[-0.15219146 -0.04688939  0.18980521  0.11925864]
 [-0.09783875 -0.36977497  0.16284339  0.43855315]] 

t: 	 0.700700700700701 
input image:  	 (1, 416, 416, 3) 

[[[ 95.06952  87.06952  82.06952]
  [130.04733 122.31046 117.31046]
  [129.46153 121.61539 116.61539]]

 [[185.99649 176.61188 171.15034]
  [254.07692 247.3236  241.86206]
  [254.22282 246.37666 240.91513]]

 [[182.91957 168.91957 161.91957]
  [250.16974 236.16974 229.16974]
  [250.61983 236.61983 229.61983]]] 

detections number: 	 (10647, 85) 
	 center x, center y, width, height, confidence 
[[8.14113903e+00 1.48091221e+01 1.38007324e+02 7.12411270e+01
  3.09268899e-09]
 [1.34379768e+01 1.37632589e+01 1.06413605e+02 3.36334839e+02
  9.84541249e-09]
 [1.88299389e+01 1.54091730e+01 3.92770416e+02 3.48805878e+02
  1.43944492e-08]
 [5.90592270e+01 1.89700661e+01 1.36193192e+02 5.01452065e+01
  1.15695746e-08]
 [5.80309296e+01 1.07061186e+01 1.63222061e+02 2.45447632e+02
  1.11542020e-09]] 

top 5 confident: 
[[4.1543030e+02 4.1530557e+02 4.2980719e+02 4.1155872e+02 5.2569693e-01]
 [4.1538968e+02 4.1527823e+02 4.1231845e+02 3.8685141e+02 2.2186622e-01]
 [4.1540353e+02 4.1535284e+02 4.5052481e+02 4.3669455e+02 2.6703808e-01]
 [4.1541876e+02 4.1532883e+02 4.9340979e+02 4.4641632e+02 3.8581645e-01]
 [4.1540976e+02 4.1527432e+02 4.2348505e+02 3.8556210e+02 2.1802501e-01]] 

bbox: (10647, 4)
[[-0.14630415 -0.0500275   0.18544422  0.12122521]
 [-0.09559814 -0.37116385  0.16020378  0.43733338]] 

t: 	 0.7340674007340677 
input image:  	 (1, 416, 416, 3) 

[[[ 95.06952  87.06952  82.06952]
  [130.04733 122.31046 117.31046]
  [129.46153 121.61539 116.61539]]

 [[185.99649 176.61188 171.15034]
  [254.07692 247.3236  241.86206]
  [254.22282 246.37666 240.91513]]

 [[182.91957 168.91957 161.91957]
  [250.16974 236.16974 229.16974]
  [250.61983 236.61983 229.61983]]] 

detections number: 	 (10647, 85) 
	 center x, center y, width, height, confidence 
[[7.8738728e+00 1.5330675e+01 1.3861714e+02 7.0820847e+01 3.4286529e-09]
 [1.2959415e+01 1.3929913e+01 1.0690084e+02 3.3767969e+02 9.7175414e-09]
 [1.8536505e+01 1.5622159e+01 3.9068103e+02 3.5125168e+02 1.7045776e-08]
 [5.9315460e+01 1.9759001e+01 1.3451016e+02 5.0495716e+01 1.7667153e-08]
 [5.8250538e+01 1.0301219e+01 1.6111873e+02 2.4456876e+02 9.8923347e-10]] 

top 5 confident: 
[[4.1548715e+02 4.1533435e+02 4.4772491e+02 4.4025858e+02 2.0728993e-01]
 [4.1540540e+02 4.1530173e+02 4.1674744e+02 3.8687811e+02 1.4649855e-01]
 [4.1541016e+02 4.1532449e+02 4.2119110e+02 3.9044775e+02 3.5650998e-01]
 [4.1544827e+02 4.1535498e+02 4.2790204e+02 4.3442865e+02 1.8452792e-01]
 [4.1543292e+02 4.1532724e+02 4.9091687e+02 4.0296524e+02 3.0711612e-01]] 

bbox: (10647, 4)
[[-0.14767957 -0.04826862  0.18553472  0.12197379]
 [-0.09733415 -0.37237963  0.15963903  0.4393504 ]] 

t: 	 0.7674341007674345 
input image:  	 (1, 416, 416, 3) 

[[[ 95.06952  87.06952  82.06952]
  [130.04733 122.31046 117.31046]
  [129.46153 121.61539 116.61539]]

 [[185.99649 176.61188 171.15034]
  [254.07692 247.3236  241.86206]
  [254.22282 246.37666 240.91513]]

 [[182.91957 168.91957 161.91957]
  [250.16974 236.16974 229.16974]
  [250.61983 236.61983 229.61983]]] 

detections number: 	 (10647, 85) 
	 center x, center y, width, height, confidence 
[[7.9982433e+00 1.5561671e+01 1.3437907e+02 7.1597389e+01 1.7998802e-09]
 [1.3198414e+01 1.4055072e+01 1.0666644e+02 3.3596906e+02 5.0024291e-09]
 [1.8643982e+01 1.5450876e+01 4.0082370e+02 3.4893854e+02 9.0153280e-09]
 [5.9142677e+01 1.9782555e+01 1.3765865e+02 5.0977924e+01 5.0601123e-09]
 [5.8183281e+01 9.9510183e+00 1.6686708e+02 2.4081038e+02 4.3126405e-10]] 

top 5 confident: 
[[4.1543204e+02 4.1538712e+02 4.4701334e+02 4.0148227e+02 3.2867944e-01]
 [4.1544907e+02 4.1534824e+02 4.9801877e+02 4.4556723e+02 3.0733767e-01]
 [4.1544693e+02 4.1538910e+02 4.3635205e+02 4.3454578e+02 1.9123985e-01]
 [4.1546991e+02 4.1541660e+02 4.2458594e+02 3.9274945e+02 1.7708029e-01]
 [4.1542365e+02 4.1530344e+02 4.1547272e+02 3.8451907e+02 1.6928264e-01]] 

bbox: (10647, 4)
[[-0.14228676 -0.04864669  0.18073986  0.12346242]
 [-0.0964779  -0.37002274  0.15993181  0.4375952 ]] 

t: 	 0.8008008008008012 
input image:  	 (1, 416, 416, 3) 

[[[ 95.06952  87.06952  82.06952]
  [130.04733 122.31046 117.31046]
  [129.46153 121.61539 116.61539]]

 [[185.99649 176.61188 171.15034]
  [254.07692 247.3236  241.86206]
  [254.22282 246.37666 240.91513]]

 [[182.91957 168.91957 161.91957]
  [250.16974 236.16974 229.16974]
  [250.61983 236.61983 229.61983]]] 

detections number: 	 (10647, 85) 
	 center x, center y, width, height, confidence 
[[8.33464622e+00 1.54259434e+01 1.33922119e+02 7.20465775e+01
  2.97035485e-09]
 [1.36916695e+01 1.35581779e+01 1.06450584e+02 3.37262909e+02
  8.04230815e-09]
 [1.87620220e+01 1.55257769e+01 3.95205688e+02 3.51754303e+02
  1.54371005e-08]
 [5.89378510e+01 1.94848366e+01 1.34935730e+02 5.14335556e+01
  7.48279838e-09]
 [5.81057892e+01 1.07289553e+01 1.60024780e+02 2.47223465e+02
  7.20596693e-10]] 

top 5 confident: 
[[4.1540561e+02 4.1529642e+02 4.5109216e+02 4.2536719e+02 4.1123027e-01]
 [4.1547464e+02 4.1536319e+02 4.8678467e+02 4.0917175e+02 4.0607038e-01]
 [4.1546552e+02 4.1529294e+02 4.2600284e+02 3.9812234e+02 5.1948917e-01]
 [4.1546048e+02 4.1529425e+02 4.1762726e+02 4.4388495e+02 3.3859089e-01]
 [4.1540417e+02 4.1525836e+02 4.0030969e+02 3.9543274e+02 4.1662940e-01]] 

bbox: (10647, 4)
[[-0.14092888 -0.04951285  0.1809993   0.12367605]
 [-0.09503274 -0.37277228  0.16085808  0.43795586]] 

t: 	 0.8341675008341679 
input image:  	 (1, 416, 416, 3) 

[[[ 95.06952  87.06952  82.06952]
  [130.04733 122.31046 117.31046]
  [129.46153 121.61539 116.61539]]

 [[185.99649 176.61188 171.15034]
  [254.07692 247.3236  241.86206]
  [254.22282 246.37666 240.91513]]

 [[182.91957 168.91957 161.91957]
  [250.16974 236.16974 229.16974]
  [250.61983 236.61983 229.61983]]] 

detections number: 	 (10647, 85) 
	 center x, center y, width, height, confidence 
[[8.3083477e+00 1.5396301e+01 1.3400813e+02 7.2040276e+01 2.9038885e-09]
 [1.3659581e+01 1.3558391e+01 1.0632051e+02 3.3791959e+02 8.0144229e-09]
 [1.8737944e+01 1.5511073e+01 3.9504227e+02 3.5191653e+02 1.5265229e-08]
 [5.8939758e+01 1.9452322e+01 1.3518178e+02 5.1371067e+01 7.3186386e-09]
 [5.8113651e+01 1.0716900e+01 1.5993367e+02 2.4771158e+02 7.2120587e-10]] 

top 5 confident: 
[[4.1540686e+02 4.1529388e+02 4.1862872e+02 3.9769730e+02 4.0229318e-01]
 [4.1545709e+02 4.1529669e+02 4.5123001e+02 4.4329510e+02 5.1490629e-01]
 [4.1546793e+02 4.1536273e+02 4.8767206e+02 4.0843713e+02 4.1050348e-01]
 [4.1547079e+02 4.1529666e+02 4.2569049e+02 4.2468719e+02 3.9173749e-01]
 [4.1539670e+02 4.1525891e+02 3.9987912e+02 3.9519498e+02 3.3311513e-01]] 

bbox: (10647, 4)
[[-0.14109547 -0.04957653  0.18103947  0.12359721]
 [-0.09495354 -0.37356105  0.16062461  0.43874565]] 

t: 	 0.8675342008675346 
input image:  	 (1, 416, 416, 3) 

[[[ 95.06952  87.06952  82.06952]
  [130.04733 122.31046 117.31046]
  [129.46153 121.61539 116.61539]]

 [[185.99649 176.61188 171.15034]
  [254.07692 247.3236  241.86206]
  [254.22282 246.37666 240.91513]]

 [[182.91957 168.91957 161.91957]
  [250.16974 236.16974 229.16974]
  [250.61983 236.61983 229.61983]]] 

detections number: 	 (10647, 85) 
	 center x, center y, width, height, confidence 
[[8.5510073e+00 1.5302545e+01 1.3195572e+02 7.2375229e+01 2.7837983e-09]
 [1.4178487e+01 1.3687176e+01 1.0609775e+02 3.4013617e+02 9.2437418e-09]
 [1.8910891e+01 1.5383591e+01 3.9064066e+02 3.5419720e+02 1.6596406e-08]
 [5.9384529e+01 1.9516148e+01 1.3185818e+02 5.2097828e+01 7.4495037e-09]
 [5.8113113e+01 1.1090140e+01 1.5637154e+02 2.4926910e+02 7.6887730e-10]] 

top 5 confident: 
[[4.1540421e+02 4.1529352e+02 4.8033319e+02 4.2585721e+02 5.0260955e-01]
 [4.1543045e+02 4.1525674e+02 4.4710446e+02 4.4570355e+02 3.9353016e-01]
 [4.1543582e+02 4.1524103e+02 4.1753516e+02 4.0758954e+02 3.5383040e-01]
 [4.1544568e+02 4.1522595e+02 4.2206406e+02 3.9732175e+02 3.2900020e-01]
 [4.1540451e+02 4.1522556e+02 4.0340674e+02 3.8629654e+02 3.2584202e-01]] 

bbox: (10647, 4)
[[-0.13804533 -0.0502045   0.17915593  0.12377442]
 [-0.09343843 -0.37591565  0.16160424  0.44171938]] 

t: 	 0.9009009009009014 
input image:  	 (1, 416, 416, 3) 

[[[ 95.06952  87.06952  82.06952]
  [130.04733 122.31046 117.31046]
  [129.46153 121.61539 116.61539]]

 [[185.99649 176.61188 171.15034]
  [254.07692 247.3236  241.86206]
  [254.22282 246.37666 240.91513]]

 [[182.91957 168.91957 161.91957]
  [250.16974 236.16974 229.16974]
  [250.61983 236.61983 229.61983]]] 

detections number: 	 (10647, 85) 
	 center x, center y, width, height, confidence 
[[8.55829239e+00 1.56882305e+01 1.29680008e+02 7.23731766e+01
  2.84514878e-09]
 [1.40950909e+01 1.38112640e+01 1.05208199e+02 3.42438843e+02
  7.97614597e-09]
 [1.87511787e+01 1.53232851e+01 3.87881714e+02 3.58047699e+02
  1.56502011e-08]
 [5.93350220e+01 1.96903763e+01 1.35126251e+02 5.17812080e+01
  4.74154627e-09]
 [5.81800079e+01 1.07220392e+01 1.57595474e+02 2.48587982e+02
  5.57336621e-10]] 

top 5 confident: 
[[4.1538492e+02 4.1530655e+02 4.2100183e+02 4.2311307e+02 2.8713050e-01]
 [4.1536215e+02 4.1524277e+02 4.0101904e+02 3.9856674e+02 2.1709655e-01]
 [4.1540552e+02 4.1525250e+02 4.2089078e+02 3.9898291e+02 6.1847472e-01]
 [4.1536313e+02 4.1524683e+02 4.7844022e+02 3.9062625e+02 2.5956956e-01]
 [4.1540253e+02 4.1524976e+02 4.4353506e+02 4.3624881e+02 2.5820127e-01]] 

bbox: (10647, 4)
[[-0.13529257 -0.0492749   0.17643823  0.12469908]
 [-0.09256974 -0.378385    0.16033459  0.4447853 ]] 

t: 	 0.9342676009342681 
input image:  	 (1, 416, 416, 3) 

[[[ 95.06952  87.06952  82.06952]
  [130.04733 122.31046 117.31046]
  [129.46153 121.61539 116.61539]]

 [[185.99649 176.61188 171.15034]
  [254.07692 247.3236  241.86206]
  [254.22282 246.37666 240.91513]]

 [[182.91957 168.91957 161.91957]
  [250.16974 236.16974 229.16974]
  [250.61983 236.61983 229.61983]]] 

detections number: 	 (10647, 85) 
	 center x, center y, width, height, confidence 
[[7.83727360e+00 1.51324682e+01 1.34494629e+02 7.15909424e+01
  2.12118190e-09]
 [1.35791807e+01 1.35105772e+01 1.06801865e+02 3.49108643e+02
  7.11567782e-09]
 [1.90525379e+01 1.57561378e+01 3.80695526e+02 3.67755981e+02
  2.06653592e-08]
 [5.92106018e+01 1.87930412e+01 1.34257385e+02 5.17936935e+01
  5.33569233e-09]
 [5.82098961e+01 1.08641911e+01 1.53660324e+02 2.56595825e+02
  6.17948193e-10]] 

top 5 confident: 
[[415.34866    415.2542     417.8159     423.6216       0.5162024 ]
 [415.3695     415.3946     441.7921     406.75665      0.7486613 ]
 [415.34573    415.30597    421.87173    438.23074      0.5848115 ]
 [415.3827     415.306      485.1063     394.7484       0.5146947 ]
 [415.35776    415.23972    400.18738    382.32587      0.49074593]] 

bbox: (10647, 4)
[[-0.1428126  -0.04967068  0.18049179  0.12242293]
 [-0.09572536 -0.3871244   0.16100988  0.4520791 ]] 

t: 	 0.9676343009676348 
input image:  	 (1, 416, 416, 3) 

[[[ 95.06952  87.06952  82.06952]
  [130.04733 122.31046 117.31046]
  [129.46153 121.61539 116.61539]]

 [[185.99649 176.61188 171.15034]
  [254.07692 247.3236  241.86206]
  [254.22282 246.37666 240.91513]]

 [[182.91957 168.91957 161.91957]
  [250.16974 236.16974 229.16974]
  [250.61983 236.61983 229.61983]]] 

detections number: 	 (10647, 85) 
	 center x, center y, width, height, confidence 
[[7.23562336e+00 1.42480240e+01 1.43782501e+02 6.85030594e+01
  1.68590064e-09]
 [1.36002588e+01 1.29216585e+01 1.09470207e+02 3.46712524e+02
  4.90908025e-09]
 [1.92261143e+01 1.55057039e+01 3.84584839e+02 3.59460144e+02
  2.03157740e-08]
 [5.95338135e+01 1.70591621e+01 1.39107437e+02 5.07459412e+01
  4.03989420e-09]
 [5.87732086e+01 1.09564915e+01 1.56055191e+02 2.59712982e+02
  8.83963513e-10]] 

top 5 confident: 
[[4.1546100e+02 4.1539041e+02 4.5557065e+02 4.5869757e+02 7.0324308e-01]
 [4.1545493e+02 4.1527188e+02 4.7530713e+02 4.3373755e+02 5.5511540e-01]
 [4.1544049e+02 4.1528552e+02 4.2924283e+02 4.0771188e+02 4.6121225e-01]
 [4.1540805e+02 4.1525323e+02 4.0707941e+02 4.0123163e+02 7.1179652e-01]
 [4.1543893e+02 4.1532318e+02 4.2106064e+02 4.0207654e+02 5.2531582e-01]] 

bbox: (10647, 4)
[[-0.15542218 -0.04808535  0.19020884  0.11658546]
 [-0.09888184 -0.3856601   0.1642677   0.44778347]] 

t: 	 1.0010010010010015 
input image:  	 (1, 416, 416, 3) 

[[[ 95.06952  87.06952  82.06952]
  [130.04733 122.31046 117.31046]
  [129.46153 121.61539 116.61539]]

 [[185.99649 176.61188 171.15034]
  [254.07692 247.3236  241.86206]
  [254.22282 246.37666 240.91513]]

 [[182.91957 168.91957 161.91957]
  [250.16974 236.16974 229.16974]
  [250.61983 236.61983 229.61983]]] 

detections number: 	 (10647, 85) 
	 center x, center y, width, height, confidence 
[[8.42614555e+00 1.34807739e+01 1.36289536e+02 6.87033310e+01
  2.09727324e-09]
 [1.53606014e+01 1.31712599e+01 1.10583374e+02 3.45417542e+02
  3.84932486e-09]
 [2.04620800e+01 1.50817566e+01 3.84781738e+02 3.55976532e+02
  1.65579905e-08]
 [5.97924271e+01 1.63372669e+01 1.44133682e+02 5.10890503e+01
  1.43647105e-09]
 [5.88508453e+01 1.12091513e+01 1.67505753e+02 2.52404938e+02
  8.49068815e-10]] 

top 5 confident: 
[[4.1540598e+02 4.1523480e+02 4.1922400e+02 3.9750864e+02 4.1252580e-01]
 [4.1543271e+02 4.1524988e+02 4.3190216e+02 4.5524979e+02 3.8122037e-01]
 [4.1543430e+02 4.1522946e+02 4.1777115e+02 4.3344000e+02 6.4654523e-01]
 [4.1540570e+02 4.1521832e+02 4.5224554e+02 3.8078592e+02 5.3073150e-01]
 [4.1544431e+02 4.1532626e+02 4.8464890e+02 4.0174393e+02 7.6383799e-01]] 

bbox: (10647, 4)
[[-0.14355437 -0.05017041  0.1840647   0.11498182]
 [-0.09598818 -0.38350362  0.16983724  0.446827  ]] 

t: 	 1.0343677010343681 
input image:  	 (1, 416, 416, 3) 

[[[ 95.06952  87.06952  82.06952]
  [130.04733 122.31046 117.31046]
  [129.46153 121.61539 116.61539]]

 [[185.99649 176.61188 171.15034]
  [254.07692 247.3236  241.86206]
  [254.22282 246.37666 240.91513]]

 [[182.91957 168.91957 161.91957]
  [250.16974 236.16974 229.16974]
  [250.61983 236.61983 229.61983]]] 

detections number: 	 (10647, 85) 
	 center x, center y, width, height, confidence 
[[8.3591223e+00 1.3432500e+01 1.3661728e+02 6.8495834e+01 2.0945348e-09]
 [1.5360873e+01 1.3139953e+01 1.1064365e+02 3.4511298e+02 3.6620966e-09]
 [2.0452126e+01 1.5043651e+01 3.8520224e+02 3.5565570e+02 1.6133939e-08]
 [5.9826782e+01 1.6250593e+01 1.4423409e+02 5.0916679e+01 1.4056222e-09]
 [5.8869320e+01 1.1215631e+01 1.6722603e+02 2.5237146e+02 8.2400747e-10]] 

top 5 confident: 
[[4.1543552e+02 4.1525729e+02 4.3115323e+02 4.0101382e+02 7.6521295e-01]
 [4.1540414e+02 4.1533197e+02 4.5270599e+02 4.3325739e+02 6.5492791e-01]
 [4.1543872e+02 4.1524634e+02 4.8646497e+02 4.5523737e+02 5.3507179e-01]
 [4.1544818e+02 4.1523331e+02 4.1968832e+02 3.9772308e+02 4.1444767e-01]
 [4.1540396e+02 4.1522604e+02 4.1860657e+02 3.7980862e+02 3.7816927e-01]] 

bbox: (10647, 4)
[[-0.14410941 -0.05003706  0.1842975   0.11461639]
 [-0.09605997 -0.38321283  0.16991033  0.44638568]] 

t: 	 1.0677344010677348 
input image:  	 (1, 416, 416, 3) 

[[[ 95.06952  87.06952  82.06952]
  [130.04733 122.31046 117.31046]
  [129.46153 121.61539 116.61539]]

 [[185.99649 176.61188 171.15034]
  [254.07692 247.3236  241.86206]
  [254.22282 246.37666 240.91513]]

 [[182.91957 168.91957 161.91957]
  [250.16974 236.16974 229.16974]
  [250.61983 236.61983 229.61983]]] 

detections number: 	 (10647, 85) 
	 center x, center y, width, height, confidence 
[[9.40026760e+00 1.32918806e+01 1.29886795e+02 6.75604935e+01
  1.49946822e-09]
 [1.60323277e+01 1.37663441e+01 1.10311165e+02 3.51830963e+02
  3.12886406e-09]
 [2.01935520e+01 1.49894800e+01 3.83972900e+02 3.63864716e+02
  1.16189778e-08]
 [6.00525055e+01 1.66250801e+01 1.43701752e+02 5.05897331e+01
  7.59941332e-10]
 [5.85733948e+01 1.04193783e+01 1.71738281e+02 2.50246475e+02
  2.98730762e-10]] 

top 5 confident: 
[[4.1540448e+02 4.1539902e+02 4.4863309e+02 4.1047086e+02 6.2880117e-01]
 [4.1539896e+02 4.1528976e+02 4.1710895e+02 4.5194321e+02 3.8613915e-01]
 [4.1541360e+02 4.1524927e+02 4.2758411e+02 3.9480478e+02 3.6486426e-01]
 [4.1543781e+02 4.1528598e+02 4.2144406e+02 4.3227765e+02 7.5364929e-01]
 [4.1539868e+02 4.1522922e+02 4.7780536e+02 3.8396512e+02 3.1746626e-01]] 

bbox: (10647, 4)
[[-0.13351713 -0.04925088  0.17871073  0.11315416]
 [-0.09404628 -0.3897816   0.17112479  0.45596594]] 

t: 	 1.1011011011011014 
input image:  	 (1, 416, 416, 3) 

[[[ 95.06952  87.06952  82.06952]
  [130.04733 122.31046 117.31046]
  [129.46153 121.61539 116.61539]]

 [[185.99649 176.61188 171.15034]
  [254.07692 247.3236  241.86206]
  [254.22282 246.37666 240.91513]]

 [[182.91957 168.91957 161.91957]
  [250.16974 236.16974 229.16974]
  [250.61983 236.61983 229.61983]]] 

detections number: 	 (10647, 85) 
	 center x, center y, width, height, confidence 
[[9.0008659e+00 1.3848586e+01 1.3082013e+02 6.8801079e+01 1.6532578e-09]
 [1.5905401e+01 1.3516751e+01 1.1116839e+02 3.4856055e+02 3.0329750e-09]
 [2.0017843e+01 1.5059808e+01 3.8355353e+02 3.5873077e+02 1.4452248e-08]
 [5.9970745e+01 1.6523283e+01 1.4675449e+02 5.0113735e+01 1.0449563e-09]
 [5.8690041e+01 1.0548607e+01 1.6975537e+02 2.5014809e+02 4.1650008e-10]] 

top 5 confident: 
[[4.1541772e+02 4.1526773e+02 4.2219312e+02 4.4495956e+02 5.0250328e-01]
 [4.1541043e+02 4.1542630e+02 4.2567313e+02 3.8913831e+02 3.3217090e-01]
 [4.1540198e+02 4.1528769e+02 4.1296906e+02 4.2920474e+02 6.9589114e-01]
 [4.1540222e+02 4.1533002e+02 4.5758264e+02 3.8032437e+02 3.4013224e-01]
 [4.1540344e+02 4.1535840e+02 4.6538528e+02 4.0837503e+02 5.3988558e-01]] 

bbox: (10647, 4)
[[-0.13559903 -0.04940373  0.17887244  0.11598348]
 [-0.09538172 -0.38645077  0.17184998  0.45143515]] 

t: 	 1.134467801134468 
input image:  	 (1, 416, 416, 3) 

[[[ 95.06952  87.06952  82.06952]
  [130.04733 122.31046 117.31046]
  [129.46153 121.61539 116.61539]]

 [[185.99649 176.61188 171.15034]
  [254.07692 247.3236  241.86206]
  [254.22282 246.37666 240.91513]]

 [[182.91957 168.91957 161.91957]
  [250.16974 236.16974 229.16974]
  [250.61983 236.61983 229.61983]]] 

detections number: 	 (10647, 85) 
	 center x, center y, width, height, confidence 
[[9.06350994e+00 1.35771885e+01 1.28193771e+02 7.06691818e+01
  2.63541611e-09]
 [1.55081654e+01 1.30492640e+01 1.09660973e+02 3.43828796e+02
  4.59975080e-09]
 [1.96404953e+01 1.43826294e+01 3.88557556e+02 3.57646942e+02
  1.98992840e-08]
 [5.96588974e+01 1.68753662e+01 1.43034241e+02 5.16080780e+01
  2.00068251e-09]
 [5.83443680e+01 1.02001562e+01 1.66259201e+02 2.48779205e+02
  7.47157058e-10]] 

top 5 confident: 
[[4.1539740e+02 4.1534827e+02 4.5831174e+02 3.9386111e+02 5.0483263e-01]
 [4.1541043e+02 4.1535721e+02 4.1629367e+02 4.0751779e+02 4.3995237e-01]
 [4.1543622e+02 4.1538593e+02 4.6842346e+02 4.5037094e+02 4.8934054e-01]
 [4.1539453e+02 4.1534381e+02 4.0701013e+02 3.7727600e+02 3.8207823e-01]
 [4.1543106e+02 4.1535922e+02 4.2526953e+02 4.3560327e+02 3.9146680e-01]] 

bbox: (10647, 4)
[[-0.13229176 -0.05230145  0.17586634  0.1175764 ]
 [-0.09452481 -0.38188732  0.1690833   0.44462422]] 

t: 	 1.1678345011678346 
input image:  	 (1, 416, 416, 3) 

[[[ 95.06952  87.06952  82.06952]
  [130.04733 122.31046 117.31046]
  [129.46153 121.61539 116.61539]]

 [[185.99649 176.61188 171.15034]
  [254.07692 247.3236  241.86206]
  [254.22282 246.37666 240.91513]]

 [[182.91957 168.91957 161.91957]
  [250.16974 236.16974 229.16974]
  [250.61983 236.61983 229.61983]]] 

detections number: 	 (10647, 85) 
	 center x, center y, width, height, confidence 
[[8.8008204e+00 1.3147639e+01 1.3187335e+02 6.9460808e+01 2.8505480e-09]
 [1.6025709e+01 1.3091765e+01 1.1209827e+02 3.4906253e+02 6.9091803e-09]
 [1.9884436e+01 1.4668979e+01 3.8443774e+02 3.6332013e+02 2.8942244e-08]
 [5.9910774e+01 1.6833321e+01 1.3892645e+02 5.2274220e+01 3.9602068e-09]
 [5.8533318e+01 1.0773099e+01 1.6261456e+02 2.5457877e+02 1.3125502e-09]] 

top 5 confident: 
[[4.1545093e+02 4.1540433e+02 4.3565741e+02 4.4460046e+02 4.3000710e-01]
 [4.1543210e+02 4.1538995e+02 4.7466461e+02 4.2710431e+02 4.3525079e-01]
 [4.1542697e+02 4.1536597e+02 4.6992923e+02 4.0669598e+02 5.2008909e-01]
 [4.1546286e+02 4.1537180e+02 4.2805780e+02 3.8600378e+02 5.4608822e-01]
 [4.1542233e+02 4.1534750e+02 4.2193509e+02 3.7884485e+02 4.2851353e-01]] 

bbox: (10647, 4)
[[-0.1373458  -0.05188164  0.17965744  0.11509145]
 [-0.09621015 -0.3880757   0.17325684  0.4510169 ]] 

t: 	 1.2012012012012012 
input image:  	 (1, 416, 416, 3) 

[[[ 95.06952  87.06952  82.06952]
  [130.04733 122.31046 117.31046]
  [129.46153 121.61539 116.61539]]

 [[185.99649 176.61188 171.15034]
  [254.07692 247.3236  241.86206]
  [254.22282 246.37666 240.91513]]

 [[182.91957 168.91957 161.91957]
  [250.16974 236.16974 229.16974]
  [250.61983 236.61983 229.61983]]] 

detections number: 	 (10647, 85) 
	 center x, center y, width, height, confidence 
[[8.82651234e+00 1.35771847e+01 1.35939529e+02 6.80404129e+01
  1.87915550e-09]
 [1.64702969e+01 1.20377302e+01 1.13313286e+02 3.49497040e+02
  3.60051056e-09]
 [2.00841789e+01 1.45456409e+01 3.80522675e+02 3.69408417e+02
  2.40277611e-08]
 [5.97859421e+01 1.74470673e+01 1.29847534e+02 5.28676071e+01
  6.88007828e-09]
 [5.84949989e+01 1.08544636e+01 1.50590576e+02 2.58073212e+02
  9.30414357e-10]] 

top 5 confident: 
[[4.1546307e+02 4.1552954e+02 4.9274274e+02 4.2281589e+02 5.3137636e-01]
 [4.1547601e+02 4.1545911e+02 5.0074677e+02 4.3643741e+02 6.9142580e-01]
 [4.1543982e+02 4.1549417e+02 4.8954761e+02 3.7645773e+02 5.9226751e-01]
 [4.1543814e+02 4.1545078e+02 4.7782208e+02 3.9691748e+02 5.1065785e-01]
 [4.1543216e+02 4.1545062e+02 4.5910410e+02 3.8230844e+02 4.8661637e-01]] 

bbox: (10647, 4)
[[-0.14217128 -0.04914188  0.18460645  0.1144168 ]
 [-0.0966018  -0.3911317   0.17578591  0.44900542]] 

t: 	 1.2345679012345678 
input image:  	 (1, 416, 416, 3) 

[[[ 95.06952  87.06952  82.06952]
  [130.04733 122.31046 117.31046]
  [129.46153 121.61539 116.61539]]

 [[185.99649 176.61188 171.15034]
  [254.07692 247.3236  241.86206]
  [254.22282 246.37666 240.91513]]

 [[182.91957 168.91957 161.91957]
  [250.16974 236.16974 229.16974]
  [250.61983 236.61983 229.61983]]] 

detections number: 	 (10647, 85) 
	 center x, center y, width, height, confidence 
[[8.80878162e+00 1.35929394e+01 1.35854553e+02 6.80808563e+01
  1.87721017e-09]
 [1.64732723e+01 1.20710239e+01 1.13262054e+02 3.49767059e+02
  3.63457531e-09]
 [2.00876541e+01 1.45604210e+01 3.80403564e+02 3.69870209e+02
  2.40476137e-08]
 [5.97767258e+01 1.74480896e+01 1.29987991e+02 5.28980904e+01
  6.83586654e-09]
 [5.84922180e+01 1.08509283e+01 1.50478653e+02 2.58342865e+02
  9.47468548e-10]] 

top 5 confident: 
[[4.1547070e+02 4.1552652e+02 5.0043265e+02 3.9736945e+02 5.8759713e-01]
 [4.1543274e+02 4.1544992e+02 4.9242590e+02 4.3635385e+02 5.1111859e-01]
 [4.1545758e+02 4.1545224e+02 4.5766837e+02 3.8168900e+02 6.8679422e-01]
 [4.1543451e+02 4.1549445e+02 4.7754178e+02 3.7721405e+02 5.1451010e-01]
 [4.1542896e+02 4.1544708e+02 4.8604214e+02 4.2386386e+02 4.6132404e-01]] 

bbox: (10647, 4)
[[-0.14211176 -0.04915262  0.18446168  0.11450329]
 [-0.09653306 -0.3913762   0.1757315   0.44941   ]] 

t: 	 1.2679346012679344 
input image:  	 (1, 416, 416, 3) 

[[[ 95.06952  87.06952  82.06952]
  [130.04733 122.31046 117.31046]
  [129.46153 121.61539 116.61539]]

 [[185.99649 176.61188 171.15034]
  [254.07692 247.3236  241.86206]
  [254.22282 246.37666 240.91513]]

 [[182.91957 168.91957 161.91957]
  [250.16974 236.16974 229.16974]
  [250.61983 236.61983 229.61983]]] 

detections number: 	 (10647, 85) 
	 center x, center y, width, height, confidence 
[[8.5383043e+00 1.2893320e+01 1.4038744e+02 6.5767120e+01 9.2935726e-10]
 [1.6700581e+01 1.1361555e+01 1.1597191e+02 3.4610052e+02 1.2856517e-09]
 [2.0401867e+01 1.4191735e+01 3.8075360e+02 3.5779666e+02 1.4245511e-08]
 [5.9835060e+01 1.7016476e+01 1.3029733e+02 5.1914921e+01 3.2305192e-09]
 [5.8975273e+01 1.1050989e+01 1.5315590e+02 2.6001627e+02 6.0685773e-10]] 

top 5 confident: 
[[4.1549915e+02 4.1542203e+02 4.7356723e+02 4.2376001e+02 5.7593501e-01]
 [4.1550549e+02 4.1545755e+02 4.9331180e+02 4.2569672e+02 5.5275863e-01]
 [4.1546930e+02 4.1544229e+02 4.5046298e+02 3.9327301e+02 5.1375479e-01]
 [4.1545981e+02 4.1544370e+02 4.4782928e+02 3.8832520e+02 4.6749303e-01]
 [4.1544818e+02 4.1547852e+02 4.4651724e+02 3.8470514e+02 4.5501876e-01]] 

bbox: (10647, 4)
[[-0.14821014 -0.04805346  0.18925968  0.11004058]
 [-0.09924369 -0.38867477  0.17953494  0.44329765]] 

t: 	 1.301301301301301 
input image:  	 (1, 416, 416, 3) 

[[[ 95.06952  87.06952  82.06952]
  [130.04733 122.31046 117.31046]
  [129.46153 121.61539 116.61539]]

 [[185.99649 176.61188 171.15034]
  [254.07692 247.3236  241.86206]
  [254.22282 246.37666 240.91513]]

 [[182.91957 168.91957 161.91957]
  [250.16974 236.16974 229.16974]
  [250.61983 236.61983 229.61983]]] 

detections number: 	 (10647, 85) 
	 center x, center y, width, height, confidence 
[[8.99064541e+00 1.27165165e+01 1.35959869e+02 6.59337616e+01
  6.31299402e-10]
 [1.67744904e+01 1.09131699e+01 1.15423981e+02 3.47352386e+02
  8.02635070e-10]
 [2.02677326e+01 1.37584801e+01 3.77627869e+02 3.59425476e+02
  8.78516460e-09]
 [6.00733833e+01 1.74608021e+01 1.30904678e+02 5.13944397e+01
  1.11433363e-09]
 [5.88480530e+01 1.09264460e+01 1.56983276e+02 2.54200241e+02
  2.22259239e-10]] 

top 5 confident: 
[[415.46136    415.42557    457.37454    383.91608      0.49971333]
 [415.53604    415.445      473.06226    425.9816       0.52311337]
 [415.51587    415.4636     480.68787    433.6348       0.60807437]
 [415.46216    415.42773    459.6842     388.3909       0.7181376 ]
 [415.45813    415.41183    445.76898    378.42792      0.73041934]] 

bbox: (10647, 4)
[[-0.14180118 -0.04867876  0.18502544  0.10981585]
 [-0.09840745 -0.3912573   0.17905404  0.44372442]] 

t: 	 1.3346680013346677 
input image:  	 (1, 416, 416, 3) 

[[[ 95.06952  87.06952  82.06952]
  [130.04733 122.31046 117.31046]
  [129.46153 121.61539 116.61539]]

 [[185.99649 176.61188 171.15034]
  [254.07692 247.3236  241.86206]
  [254.22282 246.37666 240.91513]]

 [[182.91957 168.91957 161.91957]
  [250.16974 236.16974 229.16974]
  [250.61983 236.61983 229.61983]]] 

detections number: 	 (10647, 85) 
	 center x, center y, width, height, confidence 
[[9.75354004e+00 1.30532150e+01 1.42516159e+02 6.31163902e+01
  6.30302033e-10]
 [1.78232689e+01 1.07619982e+01 1.18842636e+02 3.45197784e+02
  7.38897610e-10]
 [2.02273483e+01 1.35921993e+01 3.71428528e+02 3.55072845e+02
  9.29781585e-09]
 [5.96631279e+01 1.76295376e+01 1.30062790e+02 5.04931412e+01
  1.64185687e-09]
 [5.82826233e+01 1.13600597e+01 1.50826660e+02 2.53530472e+02
  2.14172305e-10]] 

top 5 confident: 
[[415.429      415.41757    438.62863    384.25467      0.5253274 ]
 [415.47235    415.47897    477.16995    438.5496       0.8137525 ]
 [415.48083    415.44208    435.92087    398.70135      0.6956312 ]
 [415.46405    415.52127    486.15457    433.18964      0.53860146]
 [415.4265     415.3803     438.58603    380.74094      0.5105757 ]] 

bbox: (10647, 4)
[[-0.14784744 -0.04448313  0.19473948  0.10723897]
 [-0.09999531 -0.389031    0.1856841   0.44077137]] 

t: 	 1.3680347013680343 
input image:  	 (1, 416, 416, 3) 

[[[ 95.06952  87.06952  82.06952]
  [130.04733 122.31046 117.31046]
  [129.46153 121.61539 116.61539]]

 [[185.99649 176.61188 171.15034]
  [254.07692 247.3236  241.86206]
  [254.22282 246.37666 240.91513]]

 [[182.91957 168.91957 161.91957]
  [250.16974 236.16974 229.16974]
  [250.61983 236.61983 229.61983]]] 

detections number: 	 (10647, 85) 
	 center x, center y, width, height, confidence 
[[9.41212368e+00 1.35800447e+01 1.37094788e+02 6.37657204e+01
  3.14986204e-10]
 [1.71891289e+01 1.12119055e+01 1.16679634e+02 3.52893921e+02
  4.40952608e-10]
 [1.99333382e+01 1.35020313e+01 3.68512268e+02 3.61802826e+02
  4.68968553e-09]
 [5.93995438e+01 1.80972672e+01 1.37448059e+02 5.11918564e+01
  4.91345242e-10]
 [5.83715553e+01 1.13395653e+01 1.56339142e+02 2.57743744e+02
  1.22687263e-10]] 

top 5 confident: 
[[415.4759     415.57013    445.1214     442.18842      0.6863406 ]
 [415.49487    415.45175    423.64575    409.69724      0.718988  ]
 [415.49844    415.5308     432.9637     398.30286      0.5428337 ]
 [415.47623    415.55115    466.11075    430.26007      0.63097686]
 [415.46188    415.44333    421.7628     383.5409       0.472156  ]] 

bbox: (10647, 4)
[[-0.14215209 -0.04399715  0.1874027   0.10928583]
 [-0.09891992 -0.39719966  0.18155997  0.45110303]] 

t: 	 1.401401401401401 
input image:  	 (1, 416, 416, 3) 

[[[ 95.06952  87.06952  82.06952]
  [130.04733 122.31046 117.31046]
  [129.46153 121.61539 116.61539]]

 [[185.99649 176.61188 171.15034]
  [254.07692 247.3236  241.86206]
  [254.22282 246.37666 240.91513]]

 [[182.91957 168.91957 161.91957]
  [250.16974 236.16974 229.16974]
  [250.61983 236.61983 229.61983]]] 

detections number: 	 (10647, 85) 
	 center x, center y, width, height, confidence 
[[9.3051548e+00 1.3189460e+01 1.4340894e+02 6.0278320e+01 2.2214185e-10]
 [1.6997911e+01 1.1492819e+01 1.1927955e+02 3.4521906e+02 3.7273779e-10]
 [1.9590519e+01 1.4106909e+01 3.6708810e+02 3.6394604e+02 4.4248876e-09]
 [5.9021698e+01 1.7702190e+01 1.3664713e+02 4.9655624e+01 2.2829505e-10]
 [5.8070805e+01 1.1855224e+01 1.5344197e+02 2.5643317e+02 6.8565570e-11]] 

top 5 confident: 
[[415.46744    415.6251     442.76794    442.39862      0.7157126 ]
 [415.45605    415.652      480.0121     395.23248      0.90244013]
 [415.4467     415.6        429.61224    387.84778      0.66651005]
 [415.43582    415.59735    429.38815    418.99216      0.5961447 ]
 [415.4341     415.5859     425.66754    419.92288      0.5949859 ]] 

bbox: (10647, 4)
[[-0.14999835 -0.04074447  0.19473466  0.10415534]
 [-0.10250448 -0.3872998   0.18422522  0.4425537 ]] 

t: 	 1.4347681014347675 
input image:  	 (1, 416, 416, 3) 

[[[ 95.06952  87.06952  82.06952]
  [130.04733 122.31046 117.31046]
  [129.46153 121.61539 116.61539]]

 [[185.99649 176.61188 171.15034]
  [254.07692 247.3236  241.86206]
  [254.22282 246.37666 240.91513]]

 [[182.91957 168.91957 161.91957]
  [250.16974 236.16974 229.16974]
  [250.61983 236.61983 229.61983]]] 

detections number: 	 (10647, 85) 
	 center x, center y, width, height, confidence 
[[9.31458664e+00 1.32470961e+01 1.42993912e+02 6.04981194e+01
  2.40085424e-10]
 [1.70231457e+01 1.15498791e+01 1.19335533e+02 3.45031036e+02
  3.89537347e-10]
 [1.95926647e+01 1.41841879e+01 3.66687592e+02 3.63264862e+02
  4.68750372e-09]
 [5.90486603e+01 1.77650375e+01 1.36348846e+02 4.97700424e+01
  2.74445161e-10]
 [5.81223068e+01 1.18958845e+01 1.53734924e+02 2.55901978e+02
  7.72251429e-11]] 

top 5 confident: 
[[415.43573    415.60458    442.35022    441.78427      0.73156905]
 [415.43726    415.59348    425.52573    387.81717      0.60305613]
 [415.46988    415.60715    435.86755    418.3873       0.6073575 ]
 [415.4617     415.65637    478.99448    416.9385       0.68280053]
 [415.44986    415.62744    429.71564    395.18393      0.9086785 ]] 

bbox: (10647, 4)
[[-0.14947686 -0.04087011  0.19425851  0.10455807]
 [-0.10251112 -0.38693663  0.18435314  0.4424649 ]] 

t: 	 1.4681348014681341 
input image:  	 (1, 416, 416, 3) 

[[[ 95.06952  87.06952  82.06952]
  [130.04733 122.31046 117.31046]
  [129.46153 121.61539 116.61539]]

 [[185.99649 176.61188 171.15034]
  [254.07692 247.3236  241.86206]
  [254.22282 246.37666 240.91513]]

 [[182.91957 168.91957 161.91957]
  [250.16974 236.16974 229.16974]
  [250.61983 236.61983 229.61983]]] 

detections number: 	 (10647, 85) 
	 center x, center y, width, height, confidence 
[[9.06692314e+00 1.31734304e+01 1.37885025e+02 5.99944229e+01
  1.05001646e-10]
 [1.67037525e+01 1.18198309e+01 1.14356209e+02 3.57145966e+02
  1.38957942e-10]
 [1.96266499e+01 1.40388708e+01 3.64695404e+02 3.69942230e+02
  3.62202157e-09]
 [5.92272797e+01 1.85218334e+01 1.34990799e+02 4.99794502e+01
  1.81093987e-10]
 [5.84144974e+01 1.16915741e+01 1.53719757e+02 2.59014252e+02
  4.81418030e-11]] 

top 5 confident: 
[[415.4515     415.54846    445.2652     405.53317      0.8764313 ]
 [415.43686    415.49475    472.11682    401.51334      0.59351903]
 [415.45007    415.51193    435.11728    425.21274      0.77396315]
 [415.4235     415.48572    427.39398    397.15088      0.5150873 ]
 [415.44138    415.55676    473.58102    416.81897      0.5151535 ]] 

bbox: (10647, 4)
[[-0.1439317  -0.04044178  0.18752268  0.10377558]
 [-0.09729411 -0.40084893  0.17760062  0.457675  ]] 

t: 	 1.5015015015015007 
input image:  	 (1, 416, 416, 3) 

[[[ 95.06952  87.06952  82.06952]
  [130.04733 122.31046 117.31046]
  [129.46153 121.61539 116.61539]]

 [[185.99649 176.61188 171.15034]
  [254.07692 247.3236  241.86206]
  [254.22282 246.37666 240.91513]]

 [[182.91957 168.91957 161.91957]
  [250.16974 236.16974 229.16974]
  [250.61983 236.61983 229.61983]]] 

detections number: 	 (10647, 85) 
	 center x, center y, width, height, confidence 
[[9.3466063e+00 1.2815988e+01 1.3898073e+02 6.0446880e+01 1.0419366e-10]
 [1.6316584e+01 1.1633066e+01 1.1358455e+02 3.5877771e+02 1.3015704e-10]
 [1.9786270e+01 1.4523461e+01 3.6678122e+02 3.7669897e+02 4.9208828e-09]
 [5.9555168e+01 1.7863594e+01 1.3933241e+02 4.9764397e+01 1.9243264e-10]
 [5.8506443e+01 1.1691122e+01 1.6062454e+02 2.5369466e+02 6.9685049e-11]] 

top 5 confident: 
[[4.1545377e+02 4.1560358e+02 5.1730902e+02 4.2352417e+02 9.0945870e-01]
 [4.1545242e+02 4.1559103e+02 4.8296887e+02 4.3050601e+02 9.0135860e-01]
 [4.1544455e+02 4.1554895e+02 4.3988788e+02 4.0356299e+02 5.1505762e-01]
 [4.1541870e+02 4.1552679e+02 4.3331174e+02 3.9561444e+02 5.8238077e-01]
 [4.1544547e+02 4.1555246e+02 4.6231519e+02 4.1422595e+02 5.8440489e-01]] 

bbox: (10647, 4)
[[-0.14457634 -0.04184484  0.18951194  0.10346016]
 [-0.09729734 -0.4032591   0.17574245  0.45918733]] 

t: 	 1.5348682015348674 
input image:  	 (1, 416, 416, 3) 

[[[ 95.06952  87.06952  82.06952]
  [130.04733 122.31046 117.31046]
  [129.46153 121.61539 116.61539]]

 [[185.99649 176.61188 171.15034]
  [254.07692 247.3236  241.86206]
  [254.22282 246.37666 240.91513]]

 [[182.91957 168.91957 161.91957]
  [250.16974 236.16974 229.16974]
  [250.61983 236.61983 229.61983]]] 

detections number: 	 (10647, 85) 
	 center x, center y, width, height, confidence 
[[9.8735409e+00 1.3094181e+01 1.4169774e+02 5.6977486e+01 2.7189162e-10]
 [1.6902819e+01 1.2330348e+01 1.1689902e+02 3.4612152e+02 2.6112626e-10]
 [1.8535843e+01 1.4680040e+01 3.6110754e+02 3.6111514e+02 7.5217201e-09]
 [5.8843128e+01 1.7254709e+01 1.5099365e+02 4.8879932e+01 5.6461880e-10]
 [5.7860710e+01 1.1630715e+01 1.6029762e+02 2.4028218e+02 1.3913802e-10]] 

top 5 confident: 
[[4.1543143e+02 4.1553986e+02 4.6509875e+02 4.1345380e+02 8.9504051e-01]
 [4.1547989e+02 4.1555551e+02 4.3999744e+02 3.7559714e+02 7.7548403e-01]
 [4.1541681e+02 4.1552118e+02 4.8743610e+02 3.9466211e+02 4.8320550e-01]
 [4.1543185e+02 4.1553076e+02 4.2782947e+02 4.1229889e+02 6.9433290e-01]
 [4.1540942e+02 4.1549454e+02 5.0393832e+02 3.7823163e+02 5.6474262e-01]] 

bbox: (10647, 4)
[[-0.1465753  -0.03700616  0.19404426  0.09995895]
 [-0.09987186 -0.38637117  0.1811354   0.4456517 ]] 

t: 	 1.568234901568234 
input image:  	 (1, 416, 416, 3) 

[[[ 95.06952  87.06952  82.06952]
  [130.04733 122.31046 117.31046]
  [129.46153 121.61539 116.61539]]

 [[185.99649 176.61188 171.15034]
  [254.07692 247.3236  241.86206]
  [254.22282 246.37666 240.91513]]

 [[182.91957 168.91957 161.91957]
  [250.16974 236.16974 229.16974]
  [250.61983 236.61983 229.61983]]] 

detections number: 	 (10647, 85) 
	 center x, center y, width, height, confidence 
[[1.02502766e+01 1.37943344e+01 1.47849030e+02 5.52133942e+01
  6.54974242e-10]
 [1.71995659e+01 1.29044266e+01 1.22193726e+02 3.37927765e+02
  8.04627698e-10]
 [1.88711243e+01 1.54071369e+01 3.52844482e+02 3.55981934e+02
  1.53986068e-08]
 [5.81348419e+01 1.72883568e+01 1.50683136e+02 4.79083519e+01
  1.71656367e-09]
 [5.66519394e+01 1.19623795e+01 1.57201218e+02 2.33383591e+02
  2.67327355e-10]] 

top 5 confident: 
[[4.1544580e+02 4.1557794e+02 4.3363248e+02 4.0117270e+02 5.8877313e-01]
 [4.1543967e+02 4.1555847e+02 4.4956540e+02 3.9954016e+02 7.2779173e-01]
 [4.1543817e+02 4.1554205e+02 4.6829288e+02 3.8580011e+02 5.6404793e-01]
 [4.1542993e+02 4.1551950e+02 4.3592627e+02 3.8899631e+02 5.0616860e-01]
 [4.1539438e+02 4.1550244e+02 4.7149634e+02 3.7839883e+02 4.5040742e-01]] 

bbox: (10647, 4)
[[-0.15306307 -0.03320279  0.20234324  0.09952171]
 [-0.10552235 -0.3751429   0.18821257  0.43718344]] 

t: 	 1.6016016016016006 
input image:  	 (1, 416, 416, 3) 

[[[ 86.10947  76.10947  76.10947]
  [116.16494 106.16494 106.16494]
  [116.44823 106.44823 106.44823]]

 [[167.38017 155.99556 155.53403]
  [233.42123 222.03662 221.57507]
  [231.99205 220.60744 220.1459 ]]

 [[165.8824  149.8824  147.8824 ]
  [229.02867 213.02867 211.02867]
  [228.77367 212.77367 210.77367]]] 

detections number: 	 (10647, 85) 
	 center x, center y, width, height, confidence 
[[1.09539490e+01 1.32295275e+01 1.10357124e+02 7.42738113e+01
  4.27806990e-09]
 [1.72543583e+01 1.52157106e+01 1.01224953e+02 3.53143158e+02
  2.07906865e-08]
 [1.99535007e+01 1.35835495e+01 3.77158783e+02 3.63393555e+02
  7.53543361e-09]
 [5.99740524e+01 1.90817299e+01 1.23286674e+02 5.90275955e+01
  1.08733778e-08]
 [5.65558853e+01 1.17818289e+01 1.50732346e+02 2.51881699e+02
  7.19337834e-09]] 

top 5 confident: 
[[4.1551385e+02 4.1506229e+02 4.6380438e+02 4.1486679e+02 4.8155996e-01]
 [4.1552246e+02 4.1504773e+02 4.4444376e+02 4.1196671e+02 9.3040591e-01]
 [4.1552151e+02 4.1511752e+02 4.0494458e+02 4.1204810e+02 5.1789683e-01]
 [4.1548575e+02 4.1515421e+02 4.6129449e+02 4.1426434e+02 6.7665035e-01]
 [4.1546008e+02 4.1508276e+02 3.9195480e+02 4.1856305e+02 3.5402831e-01]] 

bbox: (10647, 4)
[[-0.10630917 -0.05746966  0.15897237  0.12107316]
 [-0.08018778 -0.38787466  0.16314143  0.46102715]] 

t: 	 1.6349683016349672 
input image:  	 (1, 416, 416, 3) 

[[[ 86.10947  76.10947  76.10947]
  [116.16494 106.16494 106.16494]
  [116.44823 106.44823 106.44823]]

 [[167.38017 155.99556 155.53403]
  [233.42123 222.03662 221.57507]
  [231.99205 220.60744 220.1459 ]]

 [[165.8824  149.8824  147.8824 ]
  [229.02867 213.02867 211.02867]
  [228.77367 212.77367 210.77367]]] 

detections number: 	 (10647, 85) 
	 center x, center y, width, height, confidence 
[[1.10444412e+01 1.32019634e+01 1.10662544e+02 7.41129608e+01
  4.17625134e-09]
 [1.72971992e+01 1.52763290e+01 1.01074677e+02 3.54121490e+02
  1.96906100e-08]
 [2.00347538e+01 1.36012478e+01 3.77642548e+02 3.64214630e+02
  7.33131067e-09]
 [5.99194412e+01 1.90467701e+01 1.23800972e+02 5.86974297e+01
  1.05931317e-08]
 [5.64448929e+01 1.17909231e+01 1.50931473e+02 2.52108414e+02
  6.81614187e-09]] 

top 5 confident: 
[[4.1552512e+02 4.1510208e+02 4.6205688e+02 4.1637061e+02 9.3448830e-01]
 [4.1549014e+02 4.1513397e+02 4.4414005e+02 4.1239139e+02 6.5980083e-01]
 [4.1551263e+02 4.1508618e+02 4.6509561e+02 4.1434726e+02 5.4892427e-01]
 [4.1552161e+02 4.1506113e+02 4.0447443e+02 4.1139737e+02 3.4073779e-01]
 [4.1546283e+02 4.1504776e+02 3.9187070e+02 4.1127155e+02 5.0982904e-01]] 

bbox: (10647, 4)
[[-0.10645873 -0.05734259  0.15955701  0.12081357]
 [-0.07990418 -0.38890487  0.16306378  0.46234873]] 

t: 	 1.6683350016683338 
input image:  	 (1, 416, 416, 3) 

[[[ 86.10947  76.10947  76.10947]
  [116.16494 106.16494 106.16494]
  [116.44823 106.44823 106.44823]]

 [[167.38017 155.99556 155.53403]
  [233.42123 222.03662 221.57507]
  [231.99205 220.60744 220.1459 ]]

 [[165.8824  149.8824  147.8824 ]
  [229.02867 213.02867 211.02867]
  [228.77367 212.77367 210.77367]]] 

detections number: 	 (10647, 85) 
	 center x, center y, width, height, confidence 
[[1.03740511e+01 1.42917967e+01 1.12350624e+02 7.36562042e+01
  8.27539193e-09]
 [1.64721470e+01 1.56787605e+01 1.03000664e+02 3.46395294e+02
  2.92747497e-08]
 [1.98110218e+01 1.40500164e+01 3.69921936e+02 3.49108032e+02
  1.04044631e-08]
 [5.98365517e+01 1.93185863e+01 1.36789566e+02 5.53776474e+01
  2.21553478e-08]
 [5.60272293e+01 1.17928696e+01 1.54969482e+02 2.43764633e+02
  7.49686979e-09]] 

top 5 confident: 
[[415.5592     415.10803    461.98972    427.2637       0.84345484]
 [415.5618     415.14355    443.96198    453.32855      0.7918123 ]
 [415.5764     415.24164    396.58124    446.64328      0.940636  ]
 [415.53516    415.20038    445.67966    423.36942      0.9533141 ]
 [415.51477    415.08295    395.41016    417.9129       0.6997988 ]] 

bbox: (10647, 4)
[[-0.11009919 -0.05417381  0.15997443  0.12288438]
 [-0.08420236 -0.37865117  0.16339539  0.45402983]] 

t: 	 1.7017017017017004 
input image:  	 (1, 416, 416, 3) 

[[[ 85.63165  75.63165  75.63165]
  [116.50074 106.50074 106.50074]
  [116.44823 106.44823 106.44823]]

 [[167.43713 156.0525  155.59097]
  [232.95654 221.57193 221.1104 ]
  [231.99205 220.60744 220.1459 ]]

 [[166.22226 150.22226 148.22226]
  [229.0281  213.0281  211.0281 ]
  [228.77367 212.77367 210.77367]]] 

detections number: 	 (10647, 85) 
	 center x, center y, width, height, confidence 
[[1.0845097e+01 1.4671440e+01 1.1751978e+02 7.1093300e+01 5.8047234e-09]
 [1.6783621e+01 1.5585703e+01 1.0079635e+02 3.5038913e+02 3.1762173e-08]
 [1.9903059e+01 1.3826474e+01 3.6967191e+02 3.5736649e+02 8.9033305e-09]
 [5.9612160e+01 1.9887392e+01 1.2657384e+02 5.7199459e+01 1.8758223e-08]
 [5.5645332e+01 1.1177484e+01 1.4319299e+02 2.5195642e+02 5.2342974e-09]] 

top 5 confident: 
[[415.50443    415.2126     425.73645    437.03802      0.5618728 ]
 [415.5352     415.2214     421.0124     449.25156      0.98064655]
 [415.51855    415.20538    449.55182    446.19427      0.971836  ]
 [415.50787    415.262      433.21143    455.3237       0.9496277 ]
 [415.5033     415.19308    402.42578    428.97537      0.5304847 ]] 

bbox: (10647, 4)
[[-0.11517979 -0.05018079  0.16731969  0.12071656]
 [-0.08080422 -0.38367513  0.1614947   0.45860642]] 

t: 	 1.735068401735067 
input image:  	 (1, 416, 416, 3) 

[[[ 85.63165  75.63165  75.63165]
  [116.50074 106.50074 106.50074]
  [116.44823 106.44823 106.44823]]

 [[167.43713 156.0525  155.59097]
  [232.95654 221.57193 221.1104 ]
  [231.99205 220.60744 220.1459 ]]

 [[166.22226 150.22226 148.22226]
  [229.0281  213.0281  211.0281 ]
  [228.77367 212.77367 210.77367]]] 

detections number: 	 (10647, 85) 
	 center x, center y, width, height, confidence 
[[1.11441431e+01 1.44928598e+01 1.16541214e+02 7.09676514e+01
  4.18931911e-09]
 [1.69381924e+01 1.56345644e+01 9.93301392e+01 3.56573639e+02
  2.34860256e-08]
 [1.93657684e+01 1.35047493e+01 3.71381836e+02 3.57000488e+02
  8.05878386e-09]
 [5.99707031e+01 2.03737316e+01 1.26513100e+02 5.71751785e+01
  1.18106191e-08]
 [5.63977890e+01 1.12770262e+01 1.46755569e+02 2.53788895e+02
  4.36759251e-09]] 

top 5 confident: 
[[415.50784    415.18228    432.1368     422.71545      0.87198824]
 [415.51547    415.19324    447.5918     424.4894       0.8426614 ]
 [415.51593    415.17062    421.1262     422.41226      0.9325365 ]
 [415.4828     415.15927    412.25784    431.97772      0.7214813 ]
 [415.4749     415.1429     396.08734    424.11655      0.5814505 ]] 

bbox: (10647, 4)
[[-0.11328477 -0.05045905  0.16686238  0.12013626]
 [-0.07867038 -0.390991    0.160104    0.46615717]] 

t: 	 1.7684351017684337 
input image:  	 (1, 416, 416, 3) 

[[[ 86.46542  76.46542  76.46542]
  [114.79993 104.79993 104.79993]
  [113.10873 103.10873 103.10873]]

 [[166.57063 155.18602 154.72449]
  [229.47005 218.08543 217.6239 ]
  [228.29974 216.91513 216.45358]]

 [[164.22226 148.22226 146.22226]
  [223.84134 207.84134 205.84134]
  [222.91513 206.91513 204.91513]]] 

detections number: 	 (10647, 85) 
	 center x, center y, width, height, confidence 
[[1.1868118e+01 1.4136549e+01 1.1800467e+02 7.2089088e+01 2.4347782e-09]
 [1.7293192e+01 1.4485542e+01 9.5666687e+01 3.6336530e+02 1.7583144e-08]
 [1.9734446e+01 1.2391972e+01 3.8226611e+02 3.5613824e+02 4.3721515e-09]
 [5.9408806e+01 2.1090864e+01 1.2062910e+02 5.9329948e+01 9.3841894e-09]
 [5.6548164e+01 1.1373118e+01 1.4162253e+02 2.5789667e+02 3.3320626e-09]] 

top 5 confident: 
[[415.50494    415.13718    417.62112    444.09042      0.9682836 ]
 [415.50317    415.1272     430.72632    426.9468       0.45539728]
 [415.46738    415.1013     428.33102    437.1955       0.8440069 ]
 [415.46692    415.18094    396.3238     437.35654      0.99732715]
 [415.46585    415.0929     421.9155     423.68375      0.99507266]] 

bbox: (10647, 4)
[[-0.11330341 -0.05266345  0.17036167  0.12062763]
 [-0.07341383 -0.40191615  0.15655416  0.47155812]] 

t: 	 1.8018018018018003 
input image:  	 (1, 416, 416, 3) 

[[[ 87.501854  77.501854  77.501854]
  [115.79993  105.79993  105.79993 ]
  [115.10873  105.10873  105.10873 ]]

 [[168.04419  156.65958  156.19804 ]
  [230.56712  219.18251  218.72098 ]
  [230.29974  218.91513  218.45358 ]]

 [[165.51367  149.51367  147.51367 ]
  [225.26202  209.26202  207.26202 ]
  [224.81343  208.81343  206.81343 ]]] 

detections number: 	 (10647, 85) 
	 center x, center y, width, height, confidence 
[[9.0657158e+00 1.5013814e+01 1.3652257e+02 6.6616814e+01 1.5244823e-09]
 [1.5365655e+01 1.4700406e+01 1.0419192e+02 3.6147876e+02 7.4356632e-09]
 [1.9105896e+01 1.4420919e+01 3.6732666e+02 3.6418079e+02 4.4475383e-09]
 [6.0046074e+01 1.8316368e+01 1.2788575e+02 5.2019100e+01 6.6642902e-10]
 [5.7023746e+01 1.1089944e+01 1.3795357e+02 2.5803656e+02 2.5940369e-10]] 

top 5 confident: 
[[4.1551785e+02 4.1509097e+02 3.9531732e+02 4.4103748e+02 6.2796551e-01]
 [4.1555273e+02 4.1512265e+02 4.0781467e+02 4.4388879e+02 4.5043766e-01]
 [4.1552060e+02 4.1508871e+02 4.4093765e+02 4.3298740e+02 3.7410128e-01]
 [4.1550156e+02 4.1513461e+02 4.3231821e+02 4.2222583e+02 6.9732201e-01]
 [4.1549191e+02 4.1508844e+02 3.8847061e+02 4.2200037e+02 5.5714858e-01]] 

bbox: (10647, 4)
[[-0.14229704 -0.04397739  0.1858822   0.11615919]
 [-0.088294   -0.39913213  0.16216734  0.46980718]] 

t: 	 1.8351685018351669 
input image:  	 (1, 416, 416, 3) 

[[[ 87.501854  77.501854  77.501854]
  [115.79993  105.79993  105.79993 ]
  [115.10873  105.10873  105.10873 ]]

 [[168.04419  156.65958  156.19804 ]
  [230.56712  219.18251  218.72098 ]
  [230.29974  218.91513  218.45358 ]]

 [[165.51367  149.51367  147.51367 ]
  [225.26202  209.26202  207.26202 ]
  [224.81343  208.81343  206.81343 ]]] 

detections number: 	 (10647, 85) 
	 center x, center y, width, height, confidence 
[[9.0984106e+00 1.5154669e+01 1.3652191e+02 6.6659912e+01 1.4842054e-09]
 [1.5337762e+01 1.4690807e+01 1.0430757e+02 3.6142038e+02 7.5675963e-09]
 [1.8980312e+01 1.4365124e+01 3.6785254e+02 3.6554260e+02 4.3455142e-09]
 [6.0059410e+01 1.8321747e+01 1.2805879e+02 5.2309456e+01 6.4266004e-10]
 [5.7071526e+01 1.1037198e+01 1.3696826e+02 2.5915707e+02 2.7046615e-10]] 

top 5 confident: 
[[4.1552747e+02 4.1508984e+02 4.3984860e+02 4.4508679e+02 7.2283816e-01]
 [4.1551834e+02 4.1509198e+02 4.3214120e+02 4.4040903e+02 5.9892416e-01]
 [4.1555679e+02 4.1513766e+02 4.0974594e+02 4.2312265e+02 4.5485491e-01]
 [4.1550443e+02 4.1512436e+02 3.9079190e+02 4.3319543e+02 5.3266251e-01]
 [4.1549164e+02 4.1508469e+02 3.8742398e+02 4.2120901e+02 3.9941764e-01]] 

bbox: (10647, 4)
[[-0.14221765 -0.0436906   0.18596002  0.11654958]
 [-0.08850006 -0.39908504  0.1622393   0.46971396]] 

t: 	 1.8685352018685335 
input image:  	 (1, 416, 416, 3) 

[[[ 88.54234  78.54234  78.54234]
  [116.84448 106.84448 106.84448]
  [118.10873 108.10873 108.10873]]

 [[169.44914 158.06453 157.603  ]
  [232.01276 220.62814 220.16661]
  [233.29974 221.91513 221.45358]]

 [[166.51367 150.51367 148.51367]
  [226.26202 210.26202 208.26202]
  [227.91513 211.91513 209.91513]]] 

detections number: 	 (10647, 85) 
	 center x, center y, width, height, confidence 
[[1.03969078e+01 1.43152437e+01 1.14313179e+02 7.56504898e+01
  3.13849902e-09]
 [1.59339142e+01 1.50856562e+01 9.77043228e+01 3.45065613e+02
  1.57003104e-08]
 [1.90967293e+01 1.26513195e+01 3.86119202e+02 3.63709900e+02
  7.39782191e-09]
 [5.96051788e+01 1.68846035e+01 1.31645691e+02 5.67962952e+01
  1.31159417e-09]
 [5.74541092e+01 1.14537582e+01 1.54367599e+02 2.68041687e+02
  2.12095519e-09]] 

top 5 confident: 
[[4.1556619e+02 4.1516492e+02 4.0771121e+02 4.2754230e+02 2.1069054e-01]
 [4.1555826e+02 4.1518854e+02 4.5600006e+02 4.2896890e+02 2.6206589e-01]
 [4.1553268e+02 4.1522913e+02 4.2304169e+02 4.4200955e+02 1.9537333e-01]
 [4.1552448e+02 4.1513364e+02 4.0511197e+02 4.2225598e+02 1.4697178e-01]
 [4.1552359e+02 4.1513666e+02 4.0270462e+02 4.1788516e+02 1.3438995e-01]] 

bbox: (10647, 4)
[[-0.11240308 -0.05651443  0.16238822  0.1253377 ]
 [-0.0791304  -0.3784787   0.15573575  0.45100594]] 

t: 	 1.9019019019019001 
input image:  	 (1, 416, 416, 3) 

[[[ 83.54234  73.54234  73.54234]
  [112.41161 102.41161 102.41161]
  [113.10873 103.10873 103.10873]]

 [[164.44914 153.06453 152.603  ]
  [227.47005 216.08543 215.6239 ]
  [227.83821 216.45358 215.99205]]

 [[161.69582 145.69582 143.69582]
  [221.67955 205.67955 203.67955]
  [220.91513 204.91513 202.91513]]] 

detections number: 	 (10647, 85) 
	 center x, center y, width, height, confidence 
[[1.2296350e+01 1.8322725e+01 1.5396671e+02 5.7425831e+01 6.3801435e-09]
 [1.7063311e+01 1.3709456e+01 1.2431735e+02 3.3385858e+02 6.9064661e-09]
 [1.8655138e+01 1.4931776e+01 3.3658411e+02 3.3826935e+02 9.0916181e-09]
 [5.6435577e+01 2.0089296e+01 1.3417978e+02 4.7945007e+01 2.2992701e-08]
 [5.5289047e+01 1.1563406e+01 1.3803049e+02 2.4472516e+02 1.8171030e-09]] 

top 5 confident: 
[[4.1554758e+02 4.1519843e+02 4.4448822e+02 4.2344998e+02 1.0107352e-01]
 [4.1553873e+02 4.1516327e+02 4.3963797e+02 4.2431619e+02 2.7071542e-01]
 [4.1552280e+02 4.1512393e+02 4.5263477e+02 4.2001682e+02 4.0818632e-01]
 [4.1552328e+02 4.1514789e+02 4.2296609e+02 4.3071826e+02 1.5455629e-01]
 [4.1551907e+02 4.1512192e+02 4.1294156e+02 4.1728241e+02 1.7967568e-01]] 

bbox: (10647, 4)
[[-0.15549761 -0.02497642  0.21461466  0.11306644]
 [-0.10840233 -0.36831692  0.19043747  0.43422776]] 

t: 	 1.9352686019352667 
input image:  	 (1, 416, 416, 3) 

[[[ 81.991684  71.991684  71.991684]
  [107.88221   97.88221   97.88221 ]
  [107.75425   97.75425   97.75425 ]]

 [[156.07193  144.68732  144.22577 ]
  [219.74483  208.36021  207.89867 ]
  [219.78607  208.40144  207.93991 ]]

 [[153.7439   137.7439   135.7439  ]
  [212.94379  196.94379  194.94379 ]
  [213.38905  197.38905  195.38905 ]]] 

detections number: 	 (10647, 85) 
	 center x, center y, width, height, confidence 
[[1.2322268e+01 1.9867294e+01 1.4808589e+02 5.9823265e+01 8.6188763e-09]
 [1.7196768e+01 1.3476772e+01 1.2596859e+02 3.3889853e+02 1.1676584e-08]
 [1.7041826e+01 1.4877770e+01 3.2298962e+02 3.3540680e+02 1.1853951e-08]
 [5.5415619e+01 2.2077665e+01 1.3284039e+02 4.9328697e+01 1.3999419e-07]
 [5.4280483e+01 1.0610254e+01 1.3957126e+02 2.4560092e+02 3.7182908e-09]] 

top 5 confident: 
[[4.1548093e+02 4.1526660e+02 4.0783768e+02 4.3899417e+02 5.9947264e-01]
 [4.1547168e+02 4.1517844e+02 4.0659940e+02 4.3387210e+02 5.4070008e-01]
 [4.1548428e+02 4.1509021e+02 4.0775363e+02 4.2953836e+02 8.5070211e-01]
 [4.1550082e+02 4.1509677e+02 4.1023126e+02 4.2048059e+02 4.9105012e-01]
 [4.1547147e+02 4.1507434e+02 4.5075708e+02 4.1681525e+02 3.0609697e-01]] 

bbox: (10647, 4)
[[-0.14836702 -0.02414504  0.20760868  0.11966088]
 [-0.11006618 -0.37493387  0.19274293  0.43972605]] 

t: 	 1.9686353019686333 
input image:  	 (1, 416, 416, 3) 

[[[ 81.991684  71.991684  71.991684]
  [107.88221   97.88221   97.88221 ]
  [107.75425   97.75425   97.75425 ]]

 [[156.07193  144.68732  144.22577 ]
  [219.74483  208.36021  207.89867 ]
  [219.78607  208.40144  207.93991 ]]

 [[153.7439   137.7439   135.7439  ]
  [212.94379  196.94379  194.94379 ]
  [213.38905  197.38905  195.38905 ]]] 

detections number: 	 (10647, 85) 
	 center x, center y, width, height, confidence 
[[1.33085766e+01 1.95295868e+01 1.35599274e+02 6.54099274e+01
  1.86501641e-08]
 [1.77771645e+01 1.34065666e+01 1.20297455e+02 3.34858887e+02
  3.87873307e-08]
 [1.67273521e+01 1.45626049e+01 3.29949524e+02 3.45981476e+02
  2.12868088e-08]
 [5.62879105e+01 2.23765469e+01 1.19743301e+02 5.22392197e+01
  6.00068518e-07]
 [5.34939423e+01 1.06825390e+01 1.32669357e+02 2.50590393e+02
  1.00598765e-08]] 

top 5 confident: 
[[4.1546866e+02 4.1507886e+02 4.0712827e+02 4.3153363e+02 5.4657549e-01]
 [4.1548734e+02 4.1507767e+02 4.0283838e+02 4.0999042e+02 3.6983547e-01]
 [4.1551816e+02 4.1509344e+02 4.0967172e+02 4.1389926e+02 8.5350370e-01]
 [4.1545764e+02 4.1509341e+02 4.5482217e+02 4.4657944e+02 6.1505401e-01]
 [4.1554840e+02 4.1509467e+02 4.1091705e+02 4.3563687e+02 9.7428280e-01]] 

bbox: (10647, 4)
[[-0.13098812 -0.03167158  0.19497167  0.12556383]
 [-0.10185472 -0.3702473   0.18732184  0.43470195]] 

