t: 	 0 
input image:  	 (1, 416, 416, 3) 

[[[254. 240. 206.]
  [254. 240. 206.]
  [254. 240. 206.]]

 [[254. 240. 206.]
  [254. 240. 206.]
  [254. 240. 206.]]

 [[254. 240. 206.]
  [254. 240. 206.]
  [254. 240. 206.]]] 

detections number: 	 (10647, 85) 
	 center x, center y, width, height, confidence 
[[1.2389321e+01 1.7220905e+01 1.4136897e+02 5.9850510e+01 5.3492855e-09]
 [1.8474388e+01 1.2851221e+01 1.1055399e+02 3.4653720e+02 3.5110725e-09]
 [2.1468042e+01 1.5251500e+01 3.4632196e+02 3.3778497e+02 6.4153727e-09]
 [5.8161415e+01 2.1857462e+01 1.2825615e+02 5.0617973e+01 3.4853408e-06]
 [5.4396416e+01 1.3389039e+01 1.3599597e+02 2.4323325e+02 1.2758955e-08]] 

top 5 confident: 
[[4.1534317e+02 4.1513062e+02 3.8703928e+02 3.7224847e+02 9.9980372e-01]
 [4.1530734e+02 4.1508496e+02 4.0801544e+02 3.5505127e+02 6.7351863e-02]
 [4.1541183e+02 4.1524948e+02 4.1185016e+02 3.5746396e+02 5.7855040e-01]
 [4.1531345e+02 4.1520874e+02 3.9232840e+02 3.8521030e+02 2.2614966e-01]
 [4.1531119e+02 4.1510712e+02 3.9612991e+02 3.7949637e+02 2.5567943e-01]] 

bbox: (10647, 4)
[[-0.1401326  -0.0305393   0.19969665  0.11333212]
 [-0.08846781 -0.3856187   0.177287    0.44740343]] 



boxes: (10647, 1, 1, 4)
[[[[-0.1401326  -0.0305393   0.19969665  0.11333212]]]


 [[[-0.08846781 -0.3856187   0.177287    0.44740343]]]] 


  
  
  