t: 0 
boxes: 
	[[[0.40755013 0.51768726 0.5585491  0.7353348 ]
  [0.6247021  0.41903955 0.78353775 0.61940765]
  [0.32527903 0.3960384  0.4634106  0.5516105 ]
  [0.46719277 0.27435747 0.5784147  0.42930695]
  [0.44079143 0.7909031  0.6232105  0.9962154 ]
  [0.2964345  0.31692344 0.40674224 0.48002875]
  [0.14759216 0.26471418 0.20622161 0.3359152 ]
  [0.20385423 0.28528053 0.26226205 0.33910057]
  [0.25225812 0.25821793 0.34967262 0.40615246]
  [0.43774128 0.7994441  0.6465399  0.9921064 ]
  [0.25225812 0.25821793 0.34967262 0.40615246]]] 
classifications:
	['car', 'person', 'person', 'person', 'person', 'person', 'person', 'person', 'person', 'person', 'person']
0.00 	 [261. 186. 357. 265.] 
zlist: 11 

t: 0.04 
boxes: 
	[[[0.40850624 0.5249833  0.56043506 0.73970854]
  [0.62764287 0.4213538  0.7886963  0.6275746 ]
  [0.32598162 0.39440626 0.46682903 0.55397594]
  [0.44143075 0.8123992  0.6434783  0.9916454 ]
  [0.4704235  0.27339596 0.58160853 0.4309146 ]
  [0.20164616 0.2690298  0.26972347 0.33706173]
  [0.14845416 0.26391464 0.20859665 0.33521324]
  [0.29653823 0.320451   0.40816385 0.48258892]
  [0.25642225 0.25829622 0.3635135  0.40590435]
  [0.25334772 0.260656   0.34976512 0.40839115]]] 
classifications:
	['car', 'person', 'person', 'person', 'person', 'person', 'person', 'person', 'person', 'person']
0.04 	 [261. 189. 359. 266.] 
0.04 	 [402. 152. 505. 226.] 
0.04 	 [209. 142. 299. 199.] 
0.04 	 [283. 292. 412. 357.] 
0.04 	 [301.  98. 372. 155.] 
0.04 	 [129.  97. 173. 121.] 
0.04 	 [ 95.  95. 134. 121.] 
0.04 	 [190. 115. 261. 174.] 
0.04 	 [164.  93. 233. 146.] 
0.04 	 [162.  94. 224. 147.] 
zlist: 10 

