   1.0000000e-01   4.8300000e-01   1.6079021e+00   3.0000000e+00   2.2394086e-03   2.9977606e+00   3.0149379e+00  -3.0149379e+00
   2.0000000e-01   1.6731278e+00   3.2993677e+00   3.0000000e+00   1.8636747e-02   2.9813633e+00   3.0295809e+00  -3.0295809e+00
   3.0000000e-01   3.0391851e+00  -2.1043417e+00   3.0000000e+00  -1.7898534e-01   3.1789853e+00   3.0434691e+00  -3.0434691e+00
   4.0000000e-01   5.1788432e+00  -3.0805133e-01   3.0000000e+00   1.4172497e-03   2.9985828e+00   3.0556513e+00  -3.0556513e+00
   5.0000000e-01   8.6728966e+00   4.6228871e-03   3.0000000e+00   7.1137217e-02   2.9288628e+00   3.0645083e+00  -3.0645083e+00
   6.0000000e-01   1.3181802e+01  -5.5538794e-01   3.0000000e+00  -1.7032187e-01   3.1703219e+00   3.0675992e+00  -3.0675992e+00
   7.0000000e-01   1.8745381e+01  -3.6186322e-01   3.0000000e+00  -3.0719417e-02   3.0307194e+00   3.0615847e+00  -3.0615847e+00
   8.0000000e-01   2.5422636e+01   7.6841630e-02   3.0000000e+00   4.4561595e-01   2.5543840e+00   3.0423173e+00  -3.0423173e+00
   9.0000000e-01   3.3111781e+01   1.3388827e+00   3.0000000e+00   2.3153410e+00   6.8465899e-01   3.0052134e+00  -3.0052134e+00
   1.0000000e+00   4.1538994e+01   1.8778941e+00   3.0000000e+00   3.2108046e+00  -2.1080456e-01   2.9459902e+00  -2.9459902e+00
   1.1000000e+00   5.0414306e+01   1.0445618e+00   3.0000000e+00   1.1964790e+00   1.8035210e+00   2.8617186e+00  -2.8617186e+00
   1.2000000e+00   5.9785102e+01   1.7117433e+00   3.0000000e+00   2.7246499e+00   2.7535007e-01   2.7519149e+00  -2.7519149e+00
   1.3000000e+00   6.9678133e+01   1.4949966e+00   3.0000000e+00   1.9946810e+00   1.0053190e+00   2.6192069e+00  -2.6192069e+00
   1.4000000e+00   8.0020879e+01   1.1001608e+00   3.0000000e+00   8.6082693e-01   2.1391731e+00   2.4691668e+00  -2.4691668e+00
   1.5000000e+00   9.0911805e+01   1.0710061e+00   3.0000000e+00   7.4370935e-01   2.2562906e+00   2.3092832e+00  -2.3092832e+00
   1.6000000e+00   1.0241917e+02   8.0853296e-01   3.0000000e+00   6.7912960e-02   2.9320870e+00   2.1474874e+00  -2.1474874e+00
   1.7000000e+00   1.1458994e+02   7.0403513e-01   3.0000000e+00  -1.6159600e-01   3.1615960e+00   1.9908204e+00  -1.9908204e+00
   1.8000000e+00   1.2748317e+02   1.1596042e+00   3.0000000e+00   9.0523264e-01   2.0947674e+00   1.8446302e+00  -1.8446302e+00
   1.9000000e+00   1.4104237e+02   1.4929347e+00   3.0000000e+00   1.5878005e+00   1.4121995e+00   1.7123519e+00  -1.7123519e+00
   2.0000000e+00   1.5514050e+02   1.7562349e+00   3.0000000e+00   2.0500304e+00   9.4996964e-01   1.5956974e+00  -1.5956974e+00
   2.1000000e+00   1.6968152e+02   1.7704369e+00   3.0000000e+00   1.9668158e+00   1.0331842e+00   1.4950341e+00  -1.4950341e+00
   2.2000000e+00   1.8462074e+02   1.3488784e+00   3.0000000e+00   1.0596213e+00   1.9403787e+00   1.4097890e+00  -1.4097890e+00
   2.3000000e+00   2.0002376e+02   1.5786783e+00   3.0000000e+00   1.4376361e+00   1.5623639e+00   1.3387976e+00  -1.3387976e+00
   2.4000000e+00   2.1592143e+02   1.9963375e+00   3.0000000e+00   2.1125871e+00   8.8741287e-01   1.2805718e+00  -1.2805718e+00
   2.5000000e+00   2.3220953e+02   2.0715195e+00   3.0000000e+00   2.1415146e+00   8.5848540e-01   1.2334919e+00  -1.2334919e+00
   2.6000000e+00   2.4880871e+02   2.2791350e+00   3.0000000e+00   2.3877603e+00   6.1223970e-01   1.1959370e+00  -1.1959370e+00
   2.7000000e+00   2.6567343e+02   2.3963158e+00   3.0000000e+00   2.4682365e+00   5.3176352e-01   1.1663675e+00  -1.1663675e+00
   2.8000000e+00   2.8275140e+02   2.3074630e+00   3.0000000e+00   2.2174602e+00   7.8253980e-01   1.1433742e+00  -1.1433742e+00
   2.9000000e+00   3.0003806e+02   2.4012132e+00   3.0000000e+00   2.2671581e+00   7.3284194e-01   1.1257014e+00  -1.1257014e+00
   3.0000000e+00   3.1753263e+02   2.3037574e+00   3.0000000e+00   2.0225842e+00   9.7741576e-01   1.1122541e+00  -1.1122541e+00
   3.1000000e+00   3.3523569e+02   2.5960138e+00   3.0000000e+00   2.3785552e+00   6.2144481e-01   1.1020934e+00  -1.1020934e+00
   3.2000000e+00   3.5311590e+02   2.4752423e+00   3.0000000e+00   2.0998367e+00   9.0016328e-01   1.0944270e+00  -1.0944270e+00
   3.3000000e+00   3.7114563e+02   2.4512073e+00   3.0000000e+00   1.9801797e+00   1.0198203e+00   1.0885960e+00  -1.0885960e+00
   3.4000000e+00   3.8934820e+02   2.5373633e+00   3.0000000e+00   2.0280127e+00   9.7198733e-01   1.0840611e+00  -1.0840611e+00
   3.5000000e+00   4.0771361e+02   2.2701445e+00   3.0000000e+00   1.5632019e+00   1.4367981e+00   1.0803893e+00  -1.0803893e+00
   3.6000000e+00   4.2627102e+02   2.9472080e+00   3.0000000e+00   2.4776798e+00   5.2232018e-01   1.0772418e+00  -1.0772418e+00
   3.7000000e+00   4.4495443e+02   3.3081685e+00   3.0000000e+00   2.8882415e+00   1.1175854e-01   1.0743616e+00  -1.0743616e+00
   3.8000000e+00   4.6359672e+02   3.4273653e+00   3.0000000e+00   2.9334342e+00   6.6565811e-02   1.0715633e+00  -1.0715633e+00
   3.9000000e+00   4.8212059e+02   3.9620946e+00   3.0000000e+00   3.5554779e+00  -5.5547791e-01   1.0687216e+00  -1.0687216e+00
   4.0000000e+00   5.0042076e+02   3.8142054e+00   3.0000000e+00   3.1955681e+00  -1.9556812e-01   1.0657614e+00  -1.0657614e+00
   4.1000000e+00   5.1843495e+02   4.0493000e+00   3.0000000e+00   3.3820229e+00  -3.8202285e-01   1.0626473e+00  -1.0626473e+00
   4.2000000e+00   5.3614911e+02   4.2341095e+00   3.0000000e+00   3.4884799e+00  -4.8847989e-01   1.0593736e+00  -1.0593736e+00
   4.3000000e+00   5.5349565e+02   4.5136591e+00   3.0000000e+00   3.7144371e+00  -7.1443707e-01   1.0559553e+00  -1.0559553e+00
   4.4000000e+00   5.7039979e+02   4.7448999e+00   3.0000000e+00   3.8617749e+00  -8.6177490e-01   1.0524198e+00  -1.0524198e+00
   4.5000000e+00   5.8677930e+02   4.6964981e+00   3.0000000e+00   3.6356381e+00  -6.3563811e-01   1.0487998e+00  -1.0487998e+00
   4.6000000e+00   6.0260475e+02   4.8491920e+00   3.0000000e+00   3.6826009e+00  -6.8260086e-01   1.0451278e+00  -1.0451278e+00
   4.7000000e+00   6.1785934e+02   4.9507049e+00   3.0000000e+00   3.6616856e+00  -6.6168558e-01   1.0414322e+00  -1.0414322e+00
   4.8000000e+00   6.3250215e+02   5.2054019e+00   3.0000000e+00   3.8330075e+00  -8.3300754e-01   1.0377350e+00  -1.0377350e+00
   4.9000000e+00   6.4647583e+02   5.4977406e+00   3.0000000e+00   4.0388142e+00  -1.0388142e+00   1.0340506e+00  -1.0340506e+00
   5.0000000e+00   6.5969230e+02   5.7102145e+00   3.0000000e+00   4.1340053e+00  -1.1340053e+00   1.0303854e+00  -1.0303854e+00
   5.1000000e+00   6.7207029e+02   5.4196590e+00   3.0000000e+00   3.6242226e+00  -6.2422255e-01   1.0267392e+00  -1.0267392e+00
   5.2000000e+00   6.8362237e+02   5.4086598e+00   3.0000000e+00   3.4769413e+00  -4.7694132e-01   1.0231061e+00  -1.0231061e+00
   5.3000000e+00   6.9439709e+02   5.1087152e+00   3.0000000e+00   3.0069715e+00  -6.9714549e-03   1.0194759e+00  -1.0194759e+00
   5.4000000e+00   7.0444451e+02   4.9259148e+00   3.0000000e+00   2.7023981e+00   2.9760188e-01   1.0158362e+00  -1.0158362e+00
   5.5000000e+00   7.1384236e+02   5.0763050e+00   3.0000000e+00   2.7903238e+00   2.0967622e-01   1.0121732e+00  -1.0121732e+00
   5.6000000e+00   7.2259585e+02   5.5747374e+00   3.0000000e+00   3.2532757e+00  -2.5327565e-01   1.0084731e+00  -1.0084731e+00
   5.7000000e+00   7.3060052e+02   5.3940498e+00   3.0000000e+00   2.9528968e+00   4.7103223e-02   1.0047234e+00  -1.0047234e+00
   5.8000000e+00   7.3780522e+02   5.5579876e+00   3.0000000e+00   3.0379285e+00  -3.7928496e-02   1.0009127e+00  -1.0009127e+00
   5.9000000e+00   7.4421264e+02   5.5432997e+00   3.0000000e+00   2.9316326e+00   6.8367389e-02   9.9703169e-01  -9.9703169e-01
   6.0000000e+00   7.4979876e+02   5.8896545e+00   3.0000000e+00   3.2003546e+00  -2.0035459e-01   9.9307264e-01  -9.9307264e-01
   6.1000000e+00   7.5451016e+02   5.5778124e+00   3.0000000e+00   2.7929820e+00   2.0701796e-01   9.8902956e-01  -9.8902956e-01
   6.2000000e+00   7.5834131e+02   5.6725732e+00   3.0000000e+00   2.8126159e+00   1.8738409e-01   9.8489769e-01  -9.8489769e-01
   6.3000000e+00   7.6132714e+02   5.9051755e+00   3.0000000e+00   2.9628492e+00   3.7150845e-02   9.8067317e-01  -9.8067317e-01
   6.4000000e+00   7.6341496e+02   6.2380732e+00   3.0000000e+00   3.1961552e+00  -1.9615515e-01   9.7635261e-01  -9.7635261e-01
   6.5000000e+00   7.6451371e+02   6.5996120e+00   3.0000000e+00   3.4386289e+00  -4.3862886e-01   9.7193269e-01  -9.7193269e-01
   6.6000000e+00   7.6451159e+02   6.4236877e+00   3.0000000e+00   3.1815701e+00  -1.8157006e-01   9.6740982e-01  -9.6740982e-01
   6.7000000e+00   7.6337873e+02   5.8372706e+00   3.0000000e+00   2.5842531e+00   4.1574687e-01   9.6277986e-01  -9.6277986e-01
   6.8000000e+00   7.6123784e+02   5.6862592e+00   3.0000000e+00   2.4033333e+00   5.9666674e-01   9.5803792e-01  -9.5803792e-01
   6.9000000e+00   7.5820768e+02   5.5423595e+00   3.0000000e+00   2.2418847e+00   7.5811531e-01   9.5317825e-01  -9.5317825e-01
   7.0000000e+00   7.5433570e+02   6.5839149e+00   3.0000000e+00   3.0544265e+00  -5.4426547e-02   9.4819416e-01  -9.4819416e-01
   7.1000000e+00   7.4947739e+02   6.3758631e+00   3.0000000e+00   2.8186971e+00   1.8130286e-01   9.4307796e-01  -9.4307796e-01
   7.2000000e+00   7.4349856e+02   6.7200874e+00   3.0000000e+00   3.0249016e+00  -2.4901632e-02   9.3782099e-01  -9.3782099e-01
   7.3000000e+00   7.3637728e+02   6.6617976e+00   3.0000000e+00   2.9152273e+00   8.4772741e-02   9.3241359e-01  -9.3241359e-01
   7.4000000e+00   7.2806752e+02   7.0307856e+00   3.0000000e+00   3.1229698e+00  -1.2296979e-01   9.2684506e-01  -9.2684506e-01
   7.5000000e+00   7.1851925e+02   6.7029255e+00   3.0000000e+00   2.8265134e+00   1.7348658e-01   9.2110360e-01  -9.2110360e-01
   7.6000000e+00   7.0772586e+02   6.2979584e+00   3.0000000e+00   2.5009602e+00   4.9903977e-01   9.1517621e-01  -9.1517621e-01
   7.7000000e+00   6.9580532e+02   6.1208265e+00   3.0000000e+00   2.3500488e+00   6.4995124e-01   9.0904850e-01  -9.0904850e-01
   7.8000000e+00   6.8285135e+02   6.8917255e+00   3.0000000e+00   2.8090458e+00   1.9095419e-01   9.0270448e-01  -9.0270448e-01
   7.9000000e+00   6.6876837e+02   7.2142783e+00   3.0000000e+00   2.9593818e+00   4.0618189e-02   8.9612627e-01  -8.9612627e-01
   8.0000000e+00   6.5338032e+02   7.4910359e+00   3.0000000e+00   3.0709773e+00  -7.0977330e-02   8.8929368e-01  -8.8929368e-01
   8.1000000e+00   6.3659072e+02   8.4375374e+00   3.0000000e+00   3.5474871e+00  -5.4748705e-01   8.8218380e-01  -8.8218380e-01
   8.2000000e+00   6.1820261e+02   8.4842034e+00   3.0000000e+00   3.5052198e+00  -5.0521976e-01   8.7477033e-01  -8.7477033e-01
   8.3000000e+00   5.9805610e+02   8.4174410e+00   3.0000000e+00   3.4087705e+00  -4.0877050e-01   8.6702290e-01  -8.6702290e-01
   8.4000000e+00   5.7615443e+02   9.0159534e+00   3.0000000e+00   3.6413451e+00  -6.4134506e-01   8.5890613e-01  -8.5890613e-01
   8.5000000e+00   5.5241198e+02   7.9688242e+00   3.0000000e+00   3.1032958e+00  -1.0329580e-01   8.5037836e-01  -8.5037836e-01
   8.6000000e+00   5.2690099e+02   8.1441226e+00   3.0000000e+00   3.1360127e+00  -1.3601275e-01   8.4139014e-01  -8.4139014e-01
   8.7000000e+00   4.9976181e+02   8.2643655e+00   3.0000000e+00   3.1437817e+00  -1.4378168e-01   8.3188204e-01  -8.3188204e-01
   8.8000000e+00   4.7094686e+02   7.5613471e+00   3.0000000e+00   2.8418359e+00   1.5816407e-01   8.2178180e-01  -8.2178180e-01
   8.9000000e+00   4.4054997e+02   7.4956307e+00   3.0000000e+00   2.7871923e+00   2.1280768e-01   8.1100019e-01  -8.1100019e-01
   9.0000000e+00   4.0869491e+02   6.5207676e+00   3.0000000e+00   2.4477234e+00   5.5227662e-01   7.9942523e-01  -7.9942523e-01
   9.1000000e+00   3.7554921e+02   6.3663742e+00   3.0000000e+00   2.3752075e+00   6.2479254e-01   7.8691344e-01  -7.8691344e-01
   9.2000000e+00   3.4129468e+02   7.9542681e+00   3.0000000e+00   2.7602302e+00   2.3976979e-01   7.7327653e-01  -7.7327653e-01
   9.3000000e+00   3.0570052e+02   9.7220564e+00   3.0000000e+00   3.1518010e+00  -1.5180101e-01   7.5826015e-01  -7.5826015e-01
   9.4000000e+00   2.6822648e+02   1.2536054e+01   3.0000000e+00   3.7130616e+00  -7.1306157e-01   7.4150796e-01  -7.4150796e-01
   9.5000000e+00   2.2813488e+02   8.1117790e+00   3.0000000e+00   3.0407703e+00  -4.0770271e-02   7.2249745e-01  -7.2249745e-01
   9.6000000e+00   1.8568498e+02   7.5236410e+00   3.0000000e+00   2.9278154e+00   7.2184553e-02   7.0041555e-01  -7.0041555e-01
   9.7000000e+00   1.4168378e+02   6.9979700e+00   3.0000000e+00   2.8316832e+00   1.6831678e-01   6.7389209e-01  -6.7389209e-01
   9.8000000e+00   9.6310601e+01   3.3065971e+00   3.0000000e+00   2.5584294e+00   4.4157061e-01   6.4035238e-01  -6.4035238e-01
   9.9000000e+00   5.0244384e+01   3.4761140e+01   3.0000000e+00   3.1561140e+00  -1.5611403e-01   5.9424198e-01  -5.9424198e-01
   1.0000000e+01  -9.8473852e-01  -8.7504811e+09   3.0000000e+00   3.8387110e+00  -8.3871100e-01   5.2486332e-01  -5.2486332e-01
